avg_chl_2018.asc
ncols        121
nrows        81
xllcorner    7.950000000000
yllcorner    37.950000000000
cellsize     0.100000000000
NODATA_value  -9999
[rows 42 to 62 of 81, columns 0 to 45 of 121]
0.17386552691459655762 0.17522402107715606689 0.1766058504581451416 0.17802570760250091553 0.17949868738651275635 0.18104073405265808105 0.18266192078590393066 0.18437302112579345703 -9999 -9999 -9999 -9999 -9999 -9999 -9999 0.20033617317676544189 0.20204076170921325684 0.20368741452693939209 0.20525801181793212891 0.20674300193786621094 0.20813015103340148926 0.20940865576267242432 0.21056967973709106445 0.21160490810871124268 0.2125098109245300293 0.21328167617321014404 0.21391600370407104492 0.21441243588924407959 0.21477358043193817139 0.21500629186630249023 0.21511158347129821777 0.21509248018264770508 0.21495595574378967285 0.21471154689788818359 0.21436923742294311523 0.21393534541130065918 0.21341297030448913574 0.2128057330846786499 0.21211841702461242676 0.21135501563549041748 0.21052053570747375488 0.20961943268775939941 0.20866262912750244141 -9999 -9999 -9999
0.17727708816528320313 0.17867937684059143066 0.18010883033275604248 0.18158103525638580322 0.18311148881912231445 0.18471452593803405762 0.18640084564685821533 0.1881818622350692749 0.19006836414337158203 -9999 -9999 -9999 -9999 -9999 0.20276692509651184082 0.20458154380321502686 0.2063245624303817749 0.20799165964126586914 0.20956487953662872314 0.21103262901306152344 0.21238546073436737061 0.21361488103866577148 0.21471080183982849121 0.21566365659236907959 0.21647131443023681641 0.21713025867938995361 0.21763834357261657715 0.21799783408641815186 0.21821446716785430908 0.21829596161842346191 0.21824716031551361084 0.21807312965393066406 0.21778303384780883789 0.21738688647747039795 0.21689283847808837891 0.21631073951721191406 0.21564641594886779785 0.21490307152271270752 0.21408484876155853271 0.213198050856590271 0.21224908530712127686 0.21124488115310668945 0.21019220352172851563 0.20909442007541656494 -9999 -9999
0.1806503981351852417 0.18209193646907806396 0.18356464803218841553 0.18508377671241760254 0.18666374683380126953 0.18831901252269744873 0.19006273150444030762 0.19190464913845062256 0.19385695457458496094 -9999 -9999 -9999 -9999 -9999 0.20689609646797180176 0.2087735980749130249 0.21056199073791503906 0.21225452423095703125 0.21383407711982727051 0.21528939902782440186 0.21661338210105895996 0.21779659390449523926 0.21882550418376922607 0.21969550848007202148 0.22040361166000366211 0.22094665467739105225 0.22132323682308197021 0.22154228389263153076 0.22161115705966949463 0.22153708338737487793 0.22132736444473266602 0.22099326550960540771 0.22054493427276611328 0.21999181807041168213 0.21934179961681365967 0.21860708296298980713 0.21779704093933105469 0.21691460907459259033 0.21596328914165496826 0.2149505615234375 0.21388371288776397705 0.21276995539665222168 0.21161481738090515137 0.21042160689830780029 0.20919114351272583008 -9999
0.18397949635982513428 0.18545354902744293213 0.18696206808090209961 0.18852016329765319824 0.19014300405979156494 0.19184550642967224121 0.19364248216152191162 0.19554252922534942627 0.19755403697490692139 0.19969215989112854004 -9999 -9999 -9999 0.20890599489212036133 0.21097190678119659424 0.21292088925838470459 0.21476034820079803467 0.21648183465003967285 0.2180691063404083252 0.21951434016227722168 0.2208096235990524292 0.22194834053516387939 0.22291041910648345947 0.22369533777236938477 0.224300384521484375 0.22472232580184936523 0.2249625474214553833 0.22503641247749328613 0.22495274245738983154 0.2247177809476852417 0.22434212267398834229 0.22384211421012878418 0.2232303619384765625 0.22251509130001068115 0.2217076718807220459 0.22081939876079559326 0.21985937654972076416 0.21883466839790344238 0.21774904429912567139 0.21660988032817840576 0.21542485058307647705 0.21419908106327056885 0.21293376386165618896 0.21163864433765411377 0.21031300723552703857 0.20895987749099731445
0.18725728988647460938 0.18875665962696075439 0.19029442965984344482 0.19188597798347473145 0.19354659318923950195 0.19529192149639129639 0.19713729619979858398 0.19909210503101348877 0.20115862786769866943 0.20334906876087188721 0.20566883683204650879 0.20808674395084381104 -9999 0.21282163262367248535 0.21499742567539215088 0.21703101694583892822 0.21892362833023071289 0.22067230939865112305 0.22226671874523162842 0.22369839251041412354 0.22496673464775085449 0.22605787217617034912 0.2269531935453414917 0.22764992713928222656 0.22814793884754180908 0.22844466567039489746 0.22854563593864440918 0.22846744954586029053 0.22822447121143341064 0.22782354056835174561 0.2272793501615524292 0.22660870850086212158 0.22582770884037017822 0.22494702041149139404 0.22398023307323455811 0.22293680906295776367 0.22182674705982208252 0.22065722942352294922 0.21943669021129608154 0.218171730637550354 0.21686798334121704102 0.21552774310111999512 0.21415472030639648438 0.21275521814823150635 0.21132931113243103027 0.2098795771598815918
0.19047749042510986328 0.19199396669864654541 0.19355484843254089355 0.19517588615417480469 0.19687101244926452637 0.19865515828132629395 0.20054395496845245361 0.20254920423030853271 0.20466822385787963867 0.20691198110580444336 0.20928102731704711914 0.21175453066825866699 0.21426947414875030518 0.21672086417675018311 0.21901838481426239014 0.22113378345966339111 0.22307224571704864502 0.22483730316162109375 0.22642910480499267578 0.22783967852592468262 0.22907045483589172363 0.23010726273059844971 0.23093277215957641602 0.23153927922248840332 0.23192706704139709473 0.232096061110496521 0.23205478489398956299 0.2318200916051864624 0.23141069710254669189 0.230840340256690979 0.23012478649616241455 0.22928087413311004639 0.22832563519477844238 0.22727735340595245361 0.22614866495132446289 0.22495026886463165283 0.22369107604026794434 0.2223787158727645874 0.22102336585521697998 0.21963295340538024902 0.21820974349975585938 0.21675722301006317139 0.21527898311614990234 0.21377767622470855713 0.21225365996360778809 0.21071110665798187256
0.19363161921501159668 0.19516201317310333252 0.19673903286457061768 0.19838155806064605713 0.20010639727115631104 0.20192748308181762695 0.20385861396789550781 0.20591093599796295166 0.20807987451553344727 0.21037165820598602295 0.2127901911735534668 0.21533139050006866455 -9999 -9999 -9999 0.22527299821376800537 0.22721156477928161621 0.22896975278854370117 0.23054265975952148438 0.23192003369331359863 0.23310609161853790283 0.23408183455467224121 0.23483180999755859375 0.23534566164016723633 0.23562030494213104248 0.23565748333930969238 0.2354691922664642334 0.23507590591907501221 0.23449781537055969238 0.2337522655725479126 0.2328586578369140625 0.23183761537075042725 0.23070853948593139648 0.22949197888374328613 0.2282021939754486084 0.22685025632381439209 0.22544485330581665039 0.22399485111236572266 0.22250737249851226807 0.22099137306213378906 0.21945092082023620605 0.21788907051086425781 0.2163079380989074707 0.2147089838981628418 0.21309289336204528809 0.21146428585052490234
0.19670797884464263916 0.19824519753456115723 0.19983386993408203125 0.20149567723274230957 0.20324853062629699707 0.20510648190975189209 0.20707982778549194336 0.20917430520057678223 0.21138706803321838379 0.2137203514575958252 -9999 -9999 -9999 -9999 -9999 -9999 0.23135104775428771973 0.23305803537368774414 0.2345841526985168457 0.23591886460781097412 0.23704858124256134033 0.23795752227306365967 0.2386302947998046875 0.23905146121978759766 0.23920740187168121338 0.23910497128963470459 0.23876513540744781494 0.23820918798446655273 0.23745709657669067383 0.23652893304824829102 0.23545373976230621338 0.2342561185359954834 0.2329569011926651001 0.23157735168933868408 0.23013082146644592285 0.22862796485424041748 0.22708052396774291992 0.2254969477653503418 0.22388380765914916992 0.22224649786949157715 0.22059234976768493652 0.21892377734184265137 0.2172428816556930542 0.21555136144161224365 0.21385006606578826904 0.21214258670806884766
0.19969628751277923584 0.2012332528829574585 0.20282579958438873291 0.20451380312442779541 0.20630079507827758789 0.20819972455501556396 0.2102184593677520752 0.21235071122646331787 0.21459612250328063965 -9999 -9999 -9999 -9999 -9999 -9999 -9999 0.23546758294105529785 0.23708255589008331299 0.23853424191474914551 0.23980543017387390137 0.24086627364158630371 0.24169939756393432617 0.24229325354099273682 0.24262785911560058594 0.24266454577445983887 0.24241565167903900146 0.24191643297672271729 0.24118994176387786865 0.24025650322437286377 0.23914119601249694824 0.2378864586353302002 0.23651605844497680664 0.23505131900310516357 0.23351365327835083008 0.23191528022289276123 0.23026724159717559814 0.2285843193531036377 0.22687503695487976074 0.22514219582080841064 0.22339090704917907715 0.2216304093599319458 0.21986246109008789063 0.21808807551860809326 0.21630972623825073242 0.21452987194061279297 0.21275052428245544434
0.20256620645523071289 0.20410452783107757568 0.20571188628673553467 0.20743627846240997314 0.20927213132381439209 0.21122498810291290283 0.21329367160797119141 -9999 -9999 -9999 -9999 -9999 -9999 -9999 -9999 -9999 -9999 0.24098055064678192139 0.24232782423496246338 0.24351862072944641113 0.24450385570526123047 0.24526271224021911621 0.24577850103378295898 0.24601645767688751221 0.24593660235404968262 0.24554578959941864014 0.24487935006618499756 0.2439753115177154541 0.24285818636417388916 0.24156130850315093994 0.24013268947601318359 0.23859600722789764404 0.23697228729724884033 0.23528194427490234375 0.23353953659534454346 0.23175647854804992676 0.22994709014892578125 0.22811937332153320313 0.22627508640289306641 0.22441980242729187012 0.22256144881248474121 0.22070263326168060303 0.21884298324584960938 0.21698552370071411133 0.21513310074806213379 0.21328765153884887695
0.20528613030910491943 0.20682395994663238525 -9999 -9999 -9999 -9999 -9999 -9999 -9999 -9999 -9999 -9999 -9999 -9999 -9999 -9999 -9999 0.24467998743057250977 0.2458972632884979248 0.24697229266166687012 0.24787779152393341064 0.24856433272361755371 0.24900747835636138916 0.24915607273578643799 0.24896328151226043701 0.24843069911003112793 0.24759441614151000977 0.2465127408504486084 0.24522033333778381348 0.24375551939010620117 0.24216224253177642822 0.24046860635280609131 0.23869436979293823242 0.23686337471008300781 0.23499090969562530518 0.23308570683002471924 0.23116059601306915283 0.22922363877296447754 0.22727847099304199219 0.22532923519611358643 0.22338199615478515625 0.22144044935703277588 0.21950432658195495605 0.21757620573043823242 0.2156578749418258667 0.21375250816345214844
0.20779903233051300049 0.20929938554763793945 -9999 -9999 -9999 -9999 -9999 -9999 -9999 -9999 -9999 -9999 -9999 -9999 -9999 -9999 -9999 -9999 0.24917075037956237793 0.25010654330253601074 0.25090259313583374023 0.25152164697647094727 0.2519200742244720459 0.25198519229888916016 0.25168302655220031738 0.25101631879806518555 0.2500095665454864502 0.24875888228416442871 0.24730633199214935303 0.24568735063076019287 0.24394045770168304443 0.24210332334041595459 0.24019598960876464844 0.23824200034141540527 0.23625607788562774658 0.2342433631420135498 0.23221409320831298828 0.23018157482147216797 0.22814689576625823975 0.22611406445503234863 0.2240883558988571167 0.22207319736480712891 0.22006960213184356689 0.21807898581027984619 0.21610328555107116699 0.21414513885974884033
0.21007309854030609131 0.21150217950344085693 -9999 -9999 -9999 -9999 -9999 -9999 -9999 -9999 -9999 -9999 -9999 -9999 -9999 -9999 -9999 -9999 0.25203728675842285156 0.25281161069869995117 0.25348272919654846191 0.25402265787124633789 0.25436756014823913574 0.25438779592514038086 0.25400379300117492676 0.25321397185325622559 0.2520662844181060791 0.25066143274307250977 0.2490631788969039917 0.24730959534645080566 0.24543689191341400146 0.24348075687885284424 0.2414626777172088623 0.23940487205982208252 0.23732082545757293701 0.23521600663661956787 0.23310025036334991455 0.23098635673522949219 0.22887691855430603027 0.2267729640007019043 0.22467876970767974854 0.22260086238384246826 0.22053848206996917725 0.21849355101585388184 0.21646866202354431152 0.21446518599987030029
0.21212063729763031006 0.21346071362495422363 0.21477879583835601807 0.21606723964214324951 -9999 -9999 -9999 -9999 -9999 -9999 -9999 -9999 -9999 -9999 -9999 -9999 -9999 -9999 -9999 0.2549419105052947998 0.25549498200416564941 0.25595098733901977539 0.25623136758804321289 0.25621080398559570313 0.25575220584869384766 0.25487405061721801758 0.25365218520164489746 0.25215476751327514648 0.25044769048690795898 0.24858935177326202393 0.24662448465824127197 0.24458034336566925049 0.24247734248638153076 0.24033765494823455811 0.23817646503448486328 0.2359997481107711792 0.23381572961807250977 0.23163652420043945313 0.22946508228778839111 0.22730238735675811768 0.22515323758125305176 0.22302283346652984619 0.22091141343116760254 0.21882118284702301025 0.21675498783588409424 0.21471323072910308838
0.21398973464965820313 0.215259552001953125 0.21650998294353485107 0.21774175763130187988 -9999 -9999 -9999 -9999 -9999 -9999 -9999 -9999 -9999 -9999 -9999 -9999 -9999 -9999 0.25591960549354553223 0.25643137097358703613 0.25691545009613037109 0.25729069113731384277 0.25748574733734130859 0.25740885734558105469 0.2569147944450378418 0.25599932670593261719 0.25474312901496887207 0.25320303440093994141 0.25144037604331970215 0.24951721727848052979 0.24749366939067840576 0.245391845703125 0.24323157966136932373 0.24103422462940216064 0.23881918191909790039 0.23659034073352813721 0.23435659706592559814 0.23212794959545135498 0.22990930080413818359 0.22770270705223083496 0.22551105916500091553 0.22333954274654388428 0.22118926048278808594 0.21906287968158721924 0.21696271002292633057 0.21488951146602630615
0.21570859849452972412 0.21692648530006408691 0.21813088655471801758 0.21932166814804077148 0.22049914300441741943 -9999 -9999 -9999 -9999 -9999 -9999 -9999 -9999 -9999 -9999 -9999 -9999 0.25638523697853088379 0.25687399506568908691 0.25735485553741455078 0.2577641904354095459 0.25805240869522094727 0.25815635919570922852 0.25800728797912597656 0.25750660896301269531 0.25659736990928649902 0.2553424537181854248 0.25379985570907592773 0.25202792882919311523 0.25008556246757507324 0.24803741276264190674 0.24591268599033355713 0.24372711777687072754 0.241499289870262146 0.23925165832042694092 0.23699131608009338379 0.23472492396831512451 0.23246279358863830566 0.23021171987056732178 0.22797353565692901611 0.22575154900550842285 0.2235501408576965332 0.22137165069580078125 0.21921797096729278564 0.21709215641021728516 0.214994773268699646
0.21729609370231628418 0.21847669780254364014 0.21964643895626068115 0.22080594301223754883 0.22195583581924438477 -9999 -9999 -9999 -9999 -9999 -9999 -9999 -9999 -9999 -9999 -9999 -9999 0.25698047876358032227 0.25741136074066162109 0.25780722498893737793 0.25812458992004394531 0.25832349061965942383 0.25833845138549804688 0.25810098648071289063 0.25756093859672546387 0.25668188929557800293 0.25546094775199890137 0.25394982099533081055 0.25220960378646850586 0.25030496716499328613 0.24827346205711364746 0.24615505337715148926 0.24397134780883789063 0.24173891544342041016 0.23948024213314056396 0.23720681667327880859 0.23492583632469177246 0.23264621198177337646 0.23037609457969665527 0.22811873257160186768 0.22587801516056060791 0.22365814447402954102 0.22146095335483551025 0.2192891538143157959 0.21714551746845245361 0.2150313258171081543
0.21876983344554901123 0.21992035210132598877 0.22106315195560455322 0.22219908237457275391 0.22332900762557983398 -9999 -9999 -9999 -9999 -9999 -9999 -9999 -9999 -9999 -9999 -9999 -9999 -9999 0.25755411386489868164 0.25784564018249511719 0.25807014107704162598 0.25818395614624023438 0.25811675190925598145 0.2578169703483581543 0.25724428892135620117 0.25637364387512207031 0.25519934296607971191 0.25374323129653930664 0.25206097960472106934 0.25020816922187805176 0.24821928143501281738 0.24613107740879058838 0.24397172033786773682 0.24175894260406494141 0.23951162397861480713 0.23724457621574401855 0.23496684432029724121 0.23268544673919677734 0.23040953278541564941 0.2281459420919418335 0.22589772939682006836 0.22366864979267120361 0.22146165370941162109 0.21928013861179351807 0.21712642908096313477 0.21500246226787567139
0.22013668715953826904 0.22126296162605285645 0.22238413989543914795 0.22350072860717773438 0.22461329400539398193 -9999 -9999 -9999 -9999 -9999 -9999 -9999 -9999 -9999 -9999 -9999 -9999 -9999 0.25727930665016174316 0.25750631093978881836 0.25766453146934509277 0.25769904255867004395 0.25756824016571044922 0.2572294771671295166 0.2566363215446472168 0.25576707720756530762 0.25463110208511352539 0.25324392318725585938 0.2516327202320098877 0.24984094500541687012 0.24790896475315093994 0.24587006866931915283 0.2437540888786315918 0.24157923460006713867 0.23936204612255096436 0.23711720108985900879 0.23485605418682098389 0.23258729279041290283 0.23031924664974212646 0.22806037962436676025 0.22581446170806884766 0.22358550131320953369 0.22137746214866638184 0.21919392049312591553 0.21703745424747467041 0.21491020917892456055
0.22140103578567504883 0.22250783443450927734 0.22361068427562713623 0.22470968961715698242 0.22580495476722717285 -9999 -9999 -9999 -9999 -9999 -9999 -9999 -9999 -9999 -9999 -9999 -9999 0.25638252496719360352 0.25663167238235473633 0.25683653354644775391 0.25695213675498962402 0.25693774223327636719 0.25676015019416809082 0.25638949871063232422 0.25578767061233520508 0.25493490695953369141 0.2538394629955291748 0.25251007080078125 0.2509695887565612793 0.24925029277801513672 0.24738740921020507813 0.24541483819484710693 0.24335466325283050537 0.24122612178325653076 0.23904861509799957275 0.2368383556604385376 0.23460614681243896484 0.23236079514026641846 0.23011259734630584717 0.22786842286586761475 0.22563418745994567871 0.22341400384902954102 0.22121261060237884521 0.2190348207950592041 0.21688216924667358398 0.21475768089294433594
0.22256453335285186768 0.2236560434103012085 0.22474366426467895508 0.22582791745662689209 0.22690919041633605957 0.22798696160316467285 -9999 -9999 -9999 -9999 -9999 -9999 -9999 -9999 -9999 -9999 -9999 0.2554715275764465332 0.25571975111961364746 0.2559096217155456543 0.25599789619445800781 0.25595587491989135742 0.25575146079063415527 0.25536108016967773438 0.25476089119911193848 0.2539291083812713623 0.25287315249443054199 0.2515996396541595459 0.25012499094009399414 0.2484811246395111084 0.2466974407434463501 0.24479502439498901367 0.24279735982418060303 0.240724220871925354 0.23859548568725585938 0.23642860352993011475 0.23423370718955993652 0.23202073574066162109 0.22980138659477233887 0.22758075594902038574 0.2253653407096862793 0.22316108644008636475 0.22097405791282653809 0.21880780160427093506 0.21666491031646728516 0.21454864740371704102
