avg_chl_2018.asc
ncols        121
nrows        81
xllcorner    7.950000000000
yllcorner    37.950000000000
cellsize     0.100000000000
NODATA_value  -9999
[rows 21 to 41 of 81, columns 0 to 45 of 121]
-9999 0.10937764495611190796 0.11006465554237365723 0.11075380444526672363 0.11145062744617462158 0.11215984821319580078 0.11288473755121231079 0.1136331707239151001 0.11441400647163391113 0.1152359694242477417 0.11610830575227737427 0.11704216897487640381 0.11804093420505523682 0.11910776048898696899 0.12024619430303573608 0.12145600467920303345 0.1227321922779083252 0.12406883388757705688 0.12545812129974365234 0.12689264118671417236 0.12836150825023651123 0.12985363602638244629 0.13136087357997894287 -9999 -9999 -9999 -9999 -9999 -9999 -9999 -9999 -9999 -9999 -9999 -9999 -9999 -9999 -9999 -9999 -9999 -9999 -9999 -9999 -9999 -9999 -9999
0.11125303059816360474 0.11193429678678512573 0.11261625587940216064 0.11330101639032363892 0.11399231851100921631 0.11469552665948867798 0.11541633307933807373 0.11616136878728866577 0.11694021522998809814 0.11776012927293777466 0.11863476037979125977 0.119578532874584198 0.12059830129146575928 0.12169481813907623291 0.12287048250436782837 0.12412457168102264404 0.12545028328895568848 0.12683713436126708984 0.12827531993389129639 0.12975375354290008545 0.13126105070114135742 0.13278618454933166504 0.13432127237319946289 -9999 -9999 -9999 -9999 -9999 -9999 -9999 -9999 -9999 -9999 -9999 -9999 -9999 -9999 -9999 -9999 -9999 -9999 -9999 -9999 -9999 -9999 -9999
0.11384533345699310303 0.11452680081129074097 0.11520826071500778198 0.11589151620864868164 0.1165804639458656311 0.11728049814701080322 0.11799764633178710938 0.11874014884233474731 0.11951638013124465942 0.12033478915691375732 0.12121244519948959351 0.12216425687074661255 0.12320067733526229858 0.12432735413312911987 0.12554459273815155029 0.1268479079008102417 0.12822578847408294678 0.12966579198837280273 0.13115644454956054688 0.13268280029296875 0.13423304259777069092 0.13579469919204711914 0.13735915720462799072 -9999 -9999 -9999 -9999 -9999 -9999 -9999 -9999 -9999 -9999 -9999 -9999 -9999 -9999 -9999 -9999 -9999 -9999 -9999 -9999 -9999 -9999 -9999
0.11647961288690567017 0.11716585606336593628 0.11785054206848144531 0.11853535473346710205 0.11922515183687210083 0.11992494016885757446 0.12063999474048614502 0.12137997150421142578 0.12215314805507659912 0.12297085672616958618 0.12385200709104537964 0.12481107562780380249 0.12586121261119842529 0.12701612710952758789 0.12827754020690917969 0.12963399291038513184 0.13106897473335266113 0.13256724178791046143 0.13411507010459899902 0.13569393754005432129 0.13729107379913330078 0.13889445364475250244 0.14049804210662841797 -9999 -9999 -9999 -9999 -9999 -9999 -9999 -9999 -9999 -9999 -9999 -9999 -9999 -9999 -9999 -9999 -9999 -9999 -9999 -9999 -9999 -9999 -9999
0.11916679143905639648 0.11986147612333297729 0.12055351585149765015 0.12124347686767578125 0.12193677574396133423 0.12263879925012588501 0.12335473299026489258 0.12409216910600662231 0.12486150860786437988 0.12567968666553497314 0.12656395137310028076 0.12753029167652130127 0.12859335541725158691 0.12977935373783111572 0.13108839094638824463 0.13250114023685455322 0.13399773836135864258 0.13555829226970672607 0.13716448843479156494 0.13879856467247009277 0.14044669270515441895 0.14209660887718200684 0.14374589920043945313 0.14539545774459838867 -9999 -9999 -9999 -9999 -9999 -9999 -9999 -9999 -9999 -9999 -9999 -9999 -9999 -9999 -9999 -9999 -9999 -9999 -9999 -9999 -9999 -9999
0.12191415578126907349 0.12262032181024551392 0.12332381308078765869 0.12402373552322387695 0.12472480535507202148 0.125432625412940979 0.12615253031253814697 0.12688927352428436279 0.12765844166278839111 0.12847742438316345215 0.12936337292194366455 0.13033349812030792236 0.13141176104545593262 0.13263802230358123779 0.13399781286716461182 0.13546968996524810791 0.13703204691410064697 0.13865685462951660156 0.14032185077667236328 0.14201134443283081055 0.1437120586633682251 0.14541055262088775635 0.14710278809070587158 0.14878991246223449707 0.15046995878219604492 -9999 -9999 -9999 -9999 -9999 -9999 -9999 -9999 -9999 -9999 -9999 -9999 -9999 -9999 -9999 -9999 -9999 -9999 -9999 -9999 -9999
0.12472742050886154175 0.12544851005077362061 0.12616685032844543457 0.12688207626342773438 0.1275965273380279541 0.12831535935401916504 0.12904325127601623535 0.12978535890579223633 0.13055844604969024658 0.13138215243816375732 0.13227310776710510254 0.13325031101703643799 0.13434629142284393311 0.13561291992664337158 0.13702608644962310791 0.13856002688407897949 0.14019133150577545166 0.14187872409820556641 0.14360068738460540771 0.14534235000610351563 0.14708927273750305176 0.14883026480674743652 0.15055915713310241699 0.15227435529232025146 0.15397536754608154297 -9999 -9999 -9999 -9999 -9999 -9999 -9999 -9999 -9999 -9999 -9999 -9999 -9999 -9999 -9999 -9999 -9999 -9999 -9999 -9999 -9999
0.12761183083057403564 0.12835253775119781494 0.12908910214900970459 0.12982255220413208008 0.13055478036403656006 0.13128876686096191406 0.13202884793281555176 0.13278204202651977539 0.13356727361679077148 0.13440328836441040039 0.1353066861629486084 0.1363001018762588501 0.1374238431453704834 0.13872808218002319336 0.14019590616226196289 0.14179468154907226563 0.14348912239074707031 0.14523510634899139404 0.14700850844383239746 0.14879477024078369141 0.1505810469388961792 0.15235623717308044434 0.15411323308944702148 0.15584941208362579346 0.15756396949291229248 0.15925666689872741699 -9999 -9999 -9999 -9999 -9999 -9999 -9999 -9999 -9999 -9999 -9999 -9999 -9999 -9999 -9999 -9999 -9999 -9999 -9999 -9999
0.13056926429271697998 0.13133378326892852783 0.13209286332130432129 0.13284760713577270508 0.13360071182250976563 0.13435414433479309082 0.13511121273040771484 0.13588123023509979248 0.13668450713157653809 0.13754048943519592285 0.13846535980701446533 0.13948217034339904785 0.14064463973045349121 0.1419960707426071167 0.14352105557918548584 0.14518350362777709961 0.14693321287631988525 0.14873071014881134033 0.15054897964000701904 0.1523732990026473999 0.15419107675552368164 0.15599077939987182617 0.15776620805263519287 0.15951551496982574463 0.1612357795238494873 0.16292388737201690674 -9999 -9999 -9999 -9999 -9999 -9999 -9999 -9999 -9999 -9999 -9999 -9999 -9999 -9999 -9999 -9999 -9999 -9999 -9999 -9999
0.13360072672367095947 0.13439257442951202393 0.13517896831035614014 0.1359595954418182373 0.13673692941665649414 0.13751356303691864014 0.13829277455806732178 0.13908629119396209717 0.13991342484951019287 0.1407937854528427124 0.14174689352512359619 0.14279814064502716064 0.14401453733444213867 0.14541441202163696289 0.14698906242847442627 0.14872501790523529053 0.15053848922252655029 0.15237796306610107422 0.15422962605953216553 0.15608198940753936768 0.15792024135589599609 0.15973146259784698486 0.16151416301727294922 0.16326694190502166748 0.16498352587223052979 0.16665957868099212646 -9999 -9999 -9999 -9999 -9999 -9999 -9999 -9999 -9999 -9999 -9999 -9999 -9999 -9999 -9999 -9999 -9999 -9999 -9999 -9999
0.13670645654201507568 0.13752909004688262939 0.13834729790687561035 0.13916006684303283691 0.1399682164192199707 0.14077360928058624268 0.14158266782760620117 0.1424045860767364502 0.14325250685214996338 0.14415697753429412842 0.14513745903968811035 0.14622718095779418945 0.14748361706733703613 0.14892826974391937256 -9999 0.15242780745029449463 0.15430188179016113281 0.15618500113487243652 0.15806245803833007813 0.15992565453052520752 0.16176404058933258057 0.16357278823852539063 0.16535033285617828369 0.16709107160568237305 0.16879443824291229248 0.17045132815837860107 0.17205461859703063965 0.17359679937362670898 -9999 -9999 -9999 -9999 -9999 -9999 -9999 -9999 -9999 -9999 -9999 -9999 -9999 -9999 -9999 -9999 -9999 -9999
0.13988232612609863281 0.14073972404003143311 0.14159321784973144531 0.14244329929351806641 0.14328932762145996094 0.14413061738014221191 0.14496667683124542236 0.14581200480461120605 0.14667694270610809326 0.14758828282356262207 0.14857980608940124512 0.14968669414520263672 0.15096907317638397217 0.15244407951831817627 -9999 0.15633554756641387939 0.15824794769287109375 0.16015584766864776611 0.16203710436820983887 0.16389206051826477051 0.16571992635726928711 0.16751314699649810791 -9999 -9999 -9999 0.1742858588695526123 0.17585214972496032715 0.17735247313976287842 -9999 -9999 -9999 -9999 -9999 -9999 -9999 -9999 -9999 -9999 -9999 -9999 -9999 -9999 -9999 -9999 -9999 -9999
0.14312264323234558105 0.14401935040950775146 0.14491261541843414307 0.14580315351486206055 0.14669169485569000244 0.1475719064474105835 0.1484336555004119873 0.14929418265819549561 0.15017150342464447021 0.1510798335075378418 0.15206393599510192871 -9999 -9999 -9999 -9999 0.16047815978527069092 0.1623840034008026123 0.16427382826805114746 0.16613188385963439941 0.16796712577342987061 0.16977249085903167725 0.17154192924499511719 0.17327158153057098389 0.17495398223400115967 0.17658321559429168701 0.17815695703029632568 0.17966935038566589355 0.18111214041709899902 0.18247699737548828125 0.18374644219875335693 -9999 -9999 -9999 -9999 -9999 -9999 -9999 -9999 -9999 -9999 -9999 -9999 -9999 -9999 -9999 -9999
0.14642153680324554443 0.14736235141754150391 0.1483008265495300293 0.14923690259456634521 0.15017004311084747314 0.15108914673328399658 0.15198157727718353271 0.15285538136959075928 0.15373177826404571533 -9999 -9999 -9999 -9999 -9999 -9999 0.16476778686046600342 0.16664974391460418701 0.16850191354751586914 0.17033088207244873047 0.1721344292163848877 0.173905983567237854 0.17563912272453308105 0.17732718586921691895 0.17896206676959991455 0.18053741753101348877 0.18205128610134124756 0.18349792063236236572 0.18486967682838439941 0.18615868687629699707 0.18736203014850616455 0.18847617506980895996 -9999 -9999 -9999 -9999 -9999 -9999 -9999 -9999 -9999 -9999 -9999 -9999 -9999 -9999 -9999
0.14977203309535980225 0.15076079964637756348 0.15174919366836547852 0.15273590385913848877 0.15371778607368469238 0.15468393266201019287 0.15562036633491516113 -9999 -9999 -9999 -9999 -9999 -9999 -9999 -9999 -9999 0.17100504040718078613 0.17282176017761230469 0.1746146082878112793 0.17637908458709716797 0.1781059950590133667 0.17978897690773010254 0.18142358958721160889 0.1830015033483505249 0.18451356887817382813 0.18595845997333526611 0.18733020126819610596 0.18862146139144897461 0.18982814252376556396 0.19094841182231903076 0.19197744131088256836 0.19291099905967712402 -9999 -9999 -9999 -9999 -9999 -9999 -9999 -9999 -9999 -9999 -9999 -9999 -9999 -9999
0.15316548943519592285 0.15420639514923095703 0.15524853765964508057 0.15629231929779052734 0.15733231604099273682 0.15835933387279510498 0.15936425328254699707 -9999 -9999 -9999 -9999 -9999 -9999 -9999 -9999 -9999 0.17543779313564300537 0.1772101670503616333 0.17896053194999694824 0.18067833781242370605 0.18235404789447784424 0.18398270010948181152 0.18555682897567749023 0.18706749379634857178 0.18850658833980560303 0.18987226486206054688 0.19115976989269256592 0.19236382842063903809 0.19347903132438659668 0.19449907541275024414 0.19541972875595092773 0.19624286890029907227 -9999 0.19750531017780303955 -9999 -9999 -9999 -9999 -9999 -9999 -9999 -9999 -9999 -9999 -9999 -9999
0.15659156441688537598 0.15768660604953765869 0.15878555178642272949 0.15988807380199432373 0.16099555790424346924 0.16210696101188659668 0.16320712864398956299 -9999 -9999 -9999 -9999 -9999 -9999 -9999 -9999 -9999 0.17991892993450164795 0.18164308369159698486 0.18334481120109558105 0.18501140177249908447 0.18663430213928222656 0.18820473551750183105 0.18971410393714904785 0.19115281105041503906 0.19251132011413574219 0.19378985464572906494 0.19498419761657714844 0.19608922302722930908 0.19709962606430053711 0.19800759851932525635 0.19880811870098114014 0.19950310885906219482 0.2000700831413269043 0.20049008727073669434 0.20077721774578094482 0.20093871653079986572 0.20098899304866790771 -9999 -9999 -9999 -9999 -9999 -9999 -9999 -9999 -9999
0.16004042327404022217 0.16118900477886199951 0.16234636306762695313 0.16351585090160369873 0.16469998657703399658 0.16590131819248199463 -9999 -9999 -9999 -9999 -9999 -9999 -9999 -9999 -9999 -9999 0.18440887331962585449 0.18609055876731872559 0.18774738907814025879 0.18936634063720703125 0.19093468785285949707 0.19244426488876342773 0.19388560950756072998 0.19524727761745452881 0.19652201235294342041 0.1977071911096572876 0.19879955053329467773 0.19979557394981384277 0.20068788528442382813 0.2014713585376739502 0.2021452486515045166 0.20270375907421112061 0.20313249528408050537 0.20343141257762908936 0.20360867679119110107 0.20367234945297241211 0.20363733172416687012 0.20351926982402801514 -9999 -9999 -9999 -9999 -9999 -9999 -9999 -9999
0.16350227594375610352 0.16470476984977722168 0.16592104732990264893 0.16715960204601287842 0.16842177510261535645 0.1697184145450592041 0.17106807231903076172 -9999 -9999 -9999 -9999 -9999 -9999 -9999 -9999 -9999 0.18887686729431152344 0.19052943587303161621 0.19215083122253417969 0.19372577965259552002 0.19524101912975311279 0.19668981432914733887 0.19806168973445892334 0.19934484362602233887 0.20053270459175109863 0.2016200721263885498 0.20260369777679443359 0.20348176360130310059 0.20424894988536834717 0.20490238070487976074 0.20544043183326721191 0.20586001873016357422 0.20615424215793609619 0.20632913708686828613 0.20639206469058990479 0.20634861290454864502 0.20621247589588165283 0.20599260926246643066 -9999 -9999 -9999 -9999 -9999 -9999 -9999 -9999
0.16696763038635253906 0.16822491586208343506 0.1694994121789932251 0.17079980671405792236 0.1721385568380355835 0.17352931201457977295 0.17498566210269927979 -9999 -9999 -9999 -9999 -9999 -9999 -9999 -9999 0.19164736568927764893 0.19331100583076477051 0.19494859874248504639 0.19654400646686553955 0.19808170199394226074 0.19955010712146759033 0.20093834400177001953 0.202237740159034729 0.20344009995460510254 0.20453734695911407471 0.20552296936511993408 0.20639376342296600342 0.20714886486530303955 0.20778635144233703613 0.20830483734607696533 0.20870293676853179932 0.20898033678531646729 0.20913676917552947998 0.20917984843254089355 0.20911699533462524414 0.2089528888463973999 0.2086973339319229126 0.20835790038108825684 0.20793575048446655273 0.20741048455238342285 -9999 -9999 -9999 -9999 -9999 -9999
0.1704257279634475708 0.17173561453819274902 0.17306576669216156006 0.17442864179611206055 0.17583787441253662109 0.17730864882469177246 0.17885312438011169434 0.18048548698425292969 -9999 -9999 -9999 -9999 -9999 -9999 -9999 0.19602419435977935791 0.19770234823226928711 0.19933705031871795654 0.20091551542282104492 0.20242455601692199707 0.20385068655014038086 0.20518195629119873047 0.20640960335731506348 0.20752766728401184082 0.20852993428707122803 0.20941026508808135986 0.21016532182693481445 0.21079386770725250244 0.21129614114761352539 0.21167421340942382813 0.21192836761474609375 0.2120596468448638916 0.21207217872142791748 0.21197485923767089844 0.21177659928798675537 0.21148210763931274414 0.21109820902347564697 0.21062724292278289795 0.21006946265697479248 0.20942610502243041992 0.20870073139667510986 0.20789860188961029053 -9999 -9999 -9999 -9999
