avg_chl_2018.asc
ncols        121
nrows        81
xllcorner    7.950000000000
yllcorner    37.950000000000
cellsize     0.100000000000
NODATA_value  -9999
[rows 21 to 41 of 81, columns 46 to 91 of 121]
-9999 -9999 -9999 -9999 0.07799129188060760498 0.077483490109443664551 0.076960533857345581055 0.076421402394771575928 0.075864560902118682861 0.075288370251655578613 0.074692398309707641602 0.074076078832149505615 0.07344020158052444458 0.072785802185535430908 0.072113096714019775391 0.071421995759010314941 0.070712491869926452637 0.069984376430511474609 0.069237269461154937744 0.068470500409603118896 0.06768331676721572876 0.066874958574771881104 0.066044606268405914307 0.065191082656383514404 0.064313262701034545898 0.063409350812435150146 0.062477655708789825439 0.061516270041465759277 0.060522910207509994507 -9999 -9999 -9999 -9999 -9999 -9999 -9999 -9999 -9999 -9999 -9999 -9999 -9999 -9999 -9999 -9999 -9999
-9999 -9999 -9999 -9999 -9999 0.07718884199857711792 0.076658211648464202881 0.076110363006591796875 0.075544476509094238281 0.074958696961402893066 0.074351228773593902588 0.07372293621301651001 0.073075234889984130859 0.072409048676490783691 0.071725070476531982422 0.071023121476173400879 0.070302844047546386719 0.069563932716846466064 0.068805828690528869629 0.068027883768081665039 0.067229241132736206055 0.066409021615982055664 0.065566204488277435303 0.064699731767177581787 0.063808493316173553467 0.062890954315662384033 0.061945669353008270264 0.06097083166241645813 0.059965029358863830566 0.058926966041326522827 0.057855345308780670166 -9999 -9999 -9999 -9999 -9999 -9999 -9999 -9999 -9999 -9999 -9999 -9999 -9999 -9999 -9999
-9999 -9999 -9999 -9999 -9999 -9999 -9999 0.075795114040374755859 0.075220651924610137939 0.074625641107559204102 0.074005670845508575439 0.073364660143852233887 0.072704426944255828857 0.072026364505290985107 0.071331150829792022705 0.070618428289890289307 0.069887690246105194092 0.069138303399085998535 0.068369604647159576416 0.067580856382846832275 0.066771216690540313721 0.065939672291278839111 0.06508506089448928833 0.064206413924694061279 0.063302695751190185547 0.062372677028179168701 0.061414968222379684448 0.060428321361541748047 0.059411637485027313232 0.058364141732454299927 0.057285837829113006592 0.056178499013185501099 0.055045425891876220703 -9999 -9999 -9999 -9999 -9999 -9999 -9999 -9999 -9999 -9999 -9999 -9999 -9999
-9999 -9999 -9999 -9999 -9999 -9999 -9999 -9999 -9999 -9999 0.073655553162097930908 0.073000550270080566406 0.072327330708503723145 0.07163775712251663208 0.070931546390056610107 0.07020835578441619873 0.069467522203922271729 0.068708091974258422852 0.067929223179817199707 0.067130148410797119141 0.066309958696365356445 0.065467596054077148438 0.064601920545101165771 0.063711978495121002197 0.06279678642749786377 0.061855349689722061157 0.060886476188898086548 0.059889163821935653687 0.058862436562776565552 0.057806264609098434448 0.056721128523349761963 0.055607911199331283569 0.054469544440507888794 0.053308520466089248657 -9999 -9999 -9999 -9999 -9999 -9999 -9999 -9999 -9999 -9999 -9999 -9999
-9999 -9999 -9999 -9999 -9999 -9999 -9999 -9999 -9999 -9999 -9999 0.072629705071449279785 0.071944318711757659912 0.071243599057197570801 0.070526815950870513916 0.069793552160263061523 0.069042973220348358154 0.068273946642875671387 0.067485392093658447266 0.066676512360572814941 0.065846323966979980469 0.064993768930435180664 0.064117766916751861572 0.063217379152774810791 0.062291629612445831299 0.061339654028415679932 0.060360718518495559692 0.05935375019907951355 0.058318033814430236816 0.057253886014223098755 0.056162070482969284058 0.055043354630470275879 0.053899705410003662109 0.052731711417436599731 -9999 -9999 -9999 0.047819957137107849121 0.046574596315622329712 -9999 -9999 -9999 -9999 -9999 -9999 -9999
-9999 -9999 -9999 -9999 -9999 -9999 -9999 -9999 -9999 -9999 -9999 0.072253517806529998779 0.07155618816614151001 0.070844464004039764404 0.07011769711971282959 0.069374710321426391602 0.068614631891250610352 0.067836418747901916504 0.067038759589195251465 0.066220648586750030518 0.065381087362766265869 0.064519017934799194336 0.063633404672145843506 0.062723338603973388672 0.061787925660610198975 0.060826342552900314331 0.059838116168975830078 0.058822423219680786133 0.057778749614953994751 0.056707687675952911377 0.055609833449125289917 0.054485905915498733521 0.053337395191192626953 0.052165769040584564209 0.050970893353223800659 0.049751151353120803833 0.04851504787802696228 0.047270059585571289063 0.046023901551961898804 0.044779960066080093384 0.04354200512170791626 -9999 -9999 -9999 -9999 -9999
-9999 -9999 -9999 -9999 -9999 -9999 -9999 -9999 -9999 -9999 -9999 -9999 0.071164123713970184326 0.070441745221614837646 0.069705083966255187988 0.068952649831771850586 0.068183474242687225342 0.06739641726016998291 0.066590078175067901611 0.065763287246227264404 0.064915008842945098877 0.06404409557580947876 0.063149556517601013184 0.062230594456195831299 0.061286296695470809937 0.060316037386655807495 0.059319306164979934692 0.058295730501413345337 0.057245019823312759399 0.056167714297771453857 0.055064328014850616455 0.05393590778112411499 0.052783753722906112671 0.051609393209218978882 0.050413619726896286011 0.049197282642126083374 0.047965239733457565308 0.046722572296857833862 0.045475371181964874268 -9999 -9999 -9999 -9999 0.03920919075608253479 0.038026452064514160156 -9999
-9999 -9999 -9999 -9999 -9999 -9999 -9999 -9999 -9999 -9999 -9999 -9999 0.07076911628246307373 0.070036195218563079834 0.069289781153202056885 0.068528279662132263184 0.067750371992588043213 0.06695480644702911377 0.066140234470367431641 0.065305292606353759766 0.064448855817317962646 0.063569679856300354004 0.062666922807693481445 0.061739802360534667969 0.060787413269281387329 0.059809263795614242554 0.058804962784051895142 0.057774294167757034302 0.056717239320278167725 0.055634301155805587769 0.054526116698980331421 0.053393784910440444946 0.052238672971725463867 0.051062200218439102173 0.049865648150444030762 0.04865107312798500061 0.047422017902135848999 0.046183317899703979492 0.044938478618860244751 -9999 -9999 0.041171733289957046509 0.039952207356691360474 0.038753855973482131958 0.03757622838020324707 -9999
-9999 -9999 -9999 -9999 -9999 -9999 -9999 -9999 -9999 -9999 -9999 -9999 -9999 0.069628767669200897217 0.068872660398483276367 0.068102411925792694092 0.067316122353076934814 0.066512502729892730713 0.065690204501152038574 0.064847573637962341309 0.06398341059684753418 0.06309655308723449707 0.062186229974031448364 0.061251632869243621826 0.060291931033134460449 0.059306666254997253418 0.058295637369155883789 0.0572586841881275177 0.056195948272943496704 0.055107999593019485474 0.053995680063962936401 0.052859973162412643433 0.051702436059713363647 0.050524350255727767944 0.049327608197927474976 0.048114817589521408081 0.046889074146747589111 0.045654416084289550781 0.044414740055799484253 0.043171282857656478882 0.041931275278329849243 0.040701933205127716064 0.039490625262260437012 0.038299508392810821533 0.037130236625671386719 0.035985104739665985107
-9999 -9999 -9999 -9999 -9999 -9999 -9999 -9999 -9999 -9999 -9999 -9999 -9999 0.069220229983329772949 0.068454734981060028076 0.06767578423023223877 0.06688152998685836792 0.06607030332088470459 0.065240621566772460938 0.064390771090984344482 0.063519351184368133545 0.062625415623188018799 0.061708152294158935547 0.06076674535870552063 0.059800423681735992432 0.058808848261833190918 0.057791918516159057617 0.056749481707811355591 0.055681649595499038696 0.05458934977650642395 0.053473450243473052979 0.052334912121295928955 0.051175341010093688965 0.049996331334114074707 0.048800278455018997192 0.047589816153049468994 0.046368137001991271973 0.04513896256685256958 0.043906081467866897583 0.042673688381910324097 0.041446797549724578857 0.04023057594895362854 0.039030399173498153687 0.037849236279726028442 0.036690909415483474731 -9999
-9999 -9999 -9999 -9999 -9999 -9999 -9999 -9999 -9999 -9999 -9999 -9999 -9999 -9999 0.06803658604621887207 0.067249149084091186523 0.06644725799560546875 0.065628781914710998535 0.064792141318321228027 0.063935555517673492432 0.063057422637939453125 0.062156911939382553101 0.061233229935169219971 0.060285616666078567505 0.059313397854566574097 0.058316256850957870483 0.057294141501188278198 0.05624693259596824646 0.055174853652715682983 0.054078828543424606323 0.052959866821765899658 0.051818955689668655396 0.050657853484153747559 0.049478776752948760986 0.048283964395523071289 0.047076340764760971069 0.045859120786190032959 0.044635776430368423462 0.043409939855337142944 0.042186763137578964233 0.040970154106616973877 0.039764985442161560059 0.038575738668441772461 0.037406641989946365356 0.036262486129999160767 0.035147443413734436035
-9999 -9999 -9999 -9999 -9999 -9999 -9999 -9999 -9999 -9999 -9999 -9999 -9999 -9999 0.067618787288665771484 0.066823050379753112793 0.066013827919960021973 0.065188676118850708008 0.064345523715019226074 0.063482500612735748291 0.062598086893558502197 0.061691448092460632324 0.060761842876672744751 0.059808526188135147095 0.058831028640270233154 0.057829007506370544434 0.056802392005920410156 0.05575119704008102417 0.054675664752721786499 0.053576711565256118774 0.052455343306064605713 0.051312737166881561279 0.050150800496339797974 0.048972100019454956055 0.047778975218534469604 0.046574428677558898926 0.045361660420894622803 0.044144216924905776978 0.042925819754600524902 0.041711278259754180908 0.04050463065505027771 0.039309721440076828003 0.038131583482027053833 0.036975346505641937256 0.035845946520566940308 0.034747179597616195679
-9999 -9999 -9999 -9999 -9999 -9999 -9999 -9999 -9999 -9999 -9999 -9999 -9999 -9999 -9999 0.066398143768310546875 0.065582089126110076904 0.064750693738460540771 0.063901148736476898193 0.063031882047653198242 0.062141563743352890015 0.06122927740216255188 0.060294218361377716064 0.059335753321647644043 0.058353554457426071167 0.057347323745489120483 0.056316964328289031982 0.055262532085180282593 0.054184257984161376953 0.053083095699548721313 0.051960106939077377319 0.050816655158996582031 0.049654662609100341797 0.048476748168468475342 0.047285597771406173706 0.046084381639957427979 0.044876635074615478516 0.043665837496519088745 0.042455356568098068237 0.04124952852725982666 0.040052331984043121338 0.038868073374032974243 0.037701901048421859741 0.036558944731950759888 0.03544459119439125061 0.034363441169261932373
-9999 -9999 -9999 -9999 -9999 -9999 -9999 -9999 -9999 -9999 -9999 -9999 -9999 -9999 -9999 0.065974369645118713379 0.065152175724506378174 0.064314931631088256836 0.063459269702434539795 0.062584057450294494629 0.061688154935836791992 0.060770623385906219482 0.059830605983734130859 0.058867592364549636841 0.05788133665919303894 0.056871529668569564819 0.055838152766227722168 0.054781198501586914063 0.05370089411735534668 0.052598327398300170898 0.051474593579769134521 0.050330996513366699219 0.049169681966304779053 0.047993194311857223511 0.046804636716842651367 0.045607615262269973755 0.044405687600374221802 0.04320222511887550354 0.042000200599431991577 0.040803540498018264771 0.039616484194993972778 0.038443889468908309937 0.037290543317794799805 0.036161355674266815186 0.035062756389379501343 0.034000724554061889648
-9999 -9999 -9999 -9999 -9999 -9999 -9999 -9999 -9999 -9999 -9999 -9999 -9999 -9999 -9999 -9999 0.064723879098892211914 0.063881441950798034668 0.063020236790180206299 0.062139276415109634399 0.061238057911396026611 0.060315668582916259766 0.05937116965651512146 0.058404203504323959351 0.057414583861827850342 0.056401886045932769775 0.05536616593599319458 0.054307457059621810913 0.053225986659526824951 0.052122868597507476807 0.050999149680137634277 0.049856103956699371338 0.048696033656597137451 0.047521770000457763672 0.046336889266967773438 0.045145135372877120972 0.043950226157903671265 0.04275485500693321228 0.041562303900718688965 0.040376652032136917114 0.039201505482196807861 0.038041383028030395508 0.036901343613862991333 0.035786576569080352783 0.034704085439443588257 0.033661089837551116943
-9999 -9999 -9999 -9999 -9999 -9999 -9999 -9999 -9999 -9999 -9999 -9999 -9999 -9999 -9999 -9999 -9999 -9999 0.062583647668361663818 0.06169725954532623291 0.060791075229644775391 0.059864092618227005005 0.058915577828884124756 0.057945311069488525391 0.056953020393848419189 0.055938180536031723022 0.054900977760553359985 0.053841624408960342407 0.052759893238544464111 0.05165699496865272522 0.050534084439277648926 0.049392227083444595337 0.048234056681394577026 0.047063071280717849731 0.045882832258939743042 0.044697344303131103516 0.043510351330041885376 0.042324583977460861206 0.041144255548715591431 0.039972126483917236328 0.038810793310403823853 0.037664823234081268311 0.036539461463689804077 0.03543982282280921936 0.034374032169580459595 0.033350337296724319458
-9999 -9999 -9999 -9999 -9999 -9999 -9999 -9999 -9999 -9999 -9999 -9999 -9999 -9999 -9999 -9999 -9999 -9999 -9999 0.061257768422365188599 0.060347337275743484497 0.0594159737229347229 0.05846371874213218689 0.057490650564432144165 0.056496389210224151611 0.055480252951383590698 0.054442368447780609131 0.053383015096187591553 0.052301917225122451782 0.051200170069932937622 0.0500791892409324646 0.048939630389213562012 0.047784384340047836304 0.046617612242698669434 0.045442938804626464844 0.044264778494834899902 0.043087664991617202759 0.041914425790309906006 0.040749058127403259277 0.039592862129211425781 0.038447547703981399536 0.037318188697099685669 0.036210004240274429321 0.035127889364957809448 0.034080248326063156128 0.033076036721467971802
-9999 -9999 -9999 -9999 -9999 -9999 -9999 -9999 -9999 -9999 -9999 -9999 -9999 -9999 -9999 -9999 -9999 -9999 -9999 -9999 -9999 0.05897138640284538269 0.058015502989292144775 0.057039998471736907959 0.056044362485408782959 0.055027388036251068115 0.053989399224519729614 0.052930764853954315186 0.051851138472557067871 0.050751756876707077026 0.049633752554655075073 0.048497773706912994385 0.047347094863653182983 0.04618584364652633667 0.045017715543508529663 0.043849248439073562622 0.042684968560934066772 0.041527524590492248535 0.040379911661148071289 0.039241828024387359619 0.038115166127681732178 0.037005189806222915649 0.035917017608880996704 0.034855086356401443481 0.033827308565378189087 0.032843779772520065308
-9999 -9999 -9999 -9999 -9999 -9999 -9999 -9999 -9999 -9999 -9999 -9999 -9999 -9999 -9999 -9999 -9999 -9999 -9999 -9999 -9999 -9999 0.057570792734622955322 0.056593235582113265991 0.055596139281988143921 0.054579023271799087524 0.053541451692581176758 0.052484020590782165527 0.051406912505626678467 0.050311077386140823364 0.049196675419807434082 0.048065368086099624634 0.046920686960220336914 0.045766398310661315918 0.04460671544075012207 0.043450724333524703979 0.042303927242755889893 0.041166864335536956787 0.040040474385023117065 0.038923054933547973633 0.037817854434251785278 0.036730095744132995605 0.035664703696966171265 0.034625589847564697266 0.033619850873947143555 0.032658644020557403564
-9999 -9999 -9999 -9999 -9999 -9999 -9999 -9999 -9999 -9999 -9999 -9999 -9999 -9999 -9999 -9999 -9999 -9999 -9999 -9999 -9999 -9999 -9999 -9999 0.055151436477899551392 0.054134678095579147339 0.05309842526912689209 0.052042149007320404053 0.050968069583177566528 0.04987654462456703186 0.048766937106847763062 0.047641310840845108032 0.046503175050020217896 0.045356784015893936157 0.0442083701491355896 0.043070994317531585693 0.041948772966861724854 0.040837921202182769775 0.039736360311508178711 0.038642432540655136108 0.037560779601335525513 0.03649738803505897522 0.035457286983728408813 0.034443572163581848145 0.033463452011346817017 0.032528556883335113525
-9999 -9999 -9999 -9999 -9999 -9999 -9999 -9999 -9999 -9999 -9999 -9999 -9999 -9999 -9999 -9999 -9999 -9999 -9999 -9999 -9999 -9999 -9999 -9999 -9999 -9999 -9999 0.051603645086288452148 0.050532124936580657959 0.049445699900388717651 -9999 0.047223076224327087402 0.046091426163911819458 -9999 -9999 -9999 0.041626393795013427734 0.040546141564846038818 0.039471764117479324341 0.038403563201427459717 0.037348441779613494873 0.036311715841293334961 0.035298988223075866699 0.034313820302486419678 0.033364430069923400879 0.032461486756801605225
