avg_chl_2020_injected.asc
ncols 121
nrows 81
xllcorner 7.95
yllcorner 37.95
cellsize 0.1
NODATA_value -9999
[rows 44 to 65 of 81, columns 48 to 95 of 121]
-9999 -9999 -9999 -9999 -9999 -9999 -9999 -9999 -9999 -9999 -9999 -9999 -9999 -9999 -9999 -9999 -9999 -9999 -9999 -9999 -9999 -9999 -9999 -9999 -9999 -9999 -9999 -9999 -9999 -9999 -9999 -9999 0.031905777752399445 0.031854551285505295 0.031802792102098465 0.03174842894077301 0.031690143048763275 0.03162654861807823 0.03155658021569252 0.03147957846522331 0.03139473870396614 0.03130115941166878 0.031198367476463318 0.03108467534184456 0.030958611518144608 0.030818844214081764 0.030663328245282173 0.03048824705183506
-9999 -9999 -9999 -9999 -9999 -9999 -9999 -9999 -9999 -9999 -9999 -9999 -9999 -9999 -9999 -9999 -9999 -9999 -9999 -9999 -9999 -9999 -9999 -9999 -9999 -9999 -9999 -9999 -9999 -9999 -9999 -9999 0.03180836886167526 0.031755343079566956 0.03170066699385643 0.031642600893974304 0.031579598784446716 0.03151063993573189 0.03143482655286789 0.031351327896118164 0.03125932812690735 0.0311578419059515 0.03104613535106182 0.0309224221855402 0.03078586421906948 0.030635537579655647 0.030469397082924843 0.030284333974123
0.030515268445014954 -9999 -9999 -9999 -9999 -9999 -9999 -9999 -9999 -9999 -9999 -9999 -9999 -9999 -9999 -9999 -9999 -9999 -9999 -9999 -9999 -9999 -9999 -9999 -9999 -9999 -9999 -9999 -9999 -9999 -9999 -9999 -9999 0.031653549522161484 0.031595997512340546 0.03153413161635399 0.03146648406982422 0.031392525881528854 0.03131112456321716 0.03122137300670147 0.031122449785470963 0.031013477593660355 0.030893651768565178 0.03076118789613247 0.030615730211138725 0.030456943437457085 0.03028305433690548 0.030091412365436554
0.030515268445014954 0.030515268445014954 0.030515268445014954 -9999 -9999 -9999 -9999 -9999 -9999 -9999 -9999 -9999 -9999 -9999 -9999 -9999 -9999 -9999 -9999 -9999 -9999 -9999 -9999 -9999 -9999 -9999 -9999 -9999 -9999 -9999 -9999 -9999 -9999 -9999 -9999 -9999 0.03135111927986145 0.031272485852241516 0.031185872852802277 0.03108988329768181 0.03098469413816929 0.030868930742144585 0.03074173629283905 0.030601758509874344 0.03044906072318554 0.030283965170383453 0.030104953795671463 0.02990998700261116
0.030515268445014954 0.030515268445014954 0.030515268445014954 0.030515268445014954 0.030515268445014954 0.030515268445014954 0.030515268445014954 0.030515268445014954 0.030515268445014954 0.030515268445014954 -9999 -9999 -9999 -9999 -9999 -9999 -9999 -9999 -9999 -9999 -9999 -9999 -9999 -9999 -9999 -9999 -9999 -9999 -9999 -9999 -9999 -9999 -9999 -9999 -9999 -9999 -9999 -9999 -9999 0.030956771224737167 0.030846228823065758 0.03072475641965866 0.030590927228331566 0.03044513799250126 0.030287256464362144 0.030117610469460487 0.029935574159026146 0.029739784076809883
0.030515268445014954 0.030515268445014954 0.030515268445014954 0.030515268445014954 0.030515268445014954 0.030515268445014954 0.030515268445014954 0.030515268445014954 0.030515268445014954 0.030515268445014954 0.030515268445014954 -9999 -9999 -9999 -9999 -9999 -9999 -9999 -9999 -9999 -9999 -9999 -9999 -9999 -9999 -9999 -9999 -9999 -9999 -9999 -9999 -9999 -9999 -9999 -9999 -9999 -9999 -9999 -9999 -9999 -9999 -9999 0.030441155657172203 0.030291734263300896 0.03013109602034092 0.02995866723358631 0.02977551333606243 0.029581960290670395
0.030515268445014954 0.030515268445014954 0.030515268445014954 0.030515268445014954 0.030515268445014954 0.030515268445014954 0.030515268445014954 0.030515268445014954 0.030515268445014954 0.030515268445014954 0.030515268445014954 0.030515268445014954 -9999 -9999 -9999 -9999 -9999 -9999 -9999 -9999 -9999 -9999 -9999 -9999 -9999 -9999 -9999 -9999 -9999 -9999 -9999 -9999 -9999 -9999 -9999 -9999 -9999 -9999 -9999 -9999 -9999 -9999 -9999 -9999 -9999 0.029805870726704597 0.029622947797179222 0.029432928189635277
0.030515268445014954 0.030515268445014954 0.030515268445014954 0.030515268445014954 0.030515268445014954 0.030515268445014954 0.030515268445014954 0.030515268445014954 0.030515268445014954 0.030515268445014954 0.030515268445014954 0.030515268445014954 0.030515268445014954 -9999 -9999 -9999 -9999 -9999 -9999 -9999 -9999 -9999 -9999 -9999 -9999 -9999 -9999 -9999 -9999 -9999 -9999 -9999 -9999 -9999 -9999 -9999 -9999 -9999 -9999 -9999 -9999 -9999 -9999 -9999 -9999 -9999 0.029477329924702644 0.029291942715644836
0.030515268445014954 0.030515268445014954 0.030515268445014954 0.030515268445014954 0.030515268445014954 0.030515268445014954 0.030515268445014954 0.030515268445014954 0.030515268445014954 0.030515268445014954 0.030515268445014954 0.030515268445014954 0.030515268445014954 0.030515268445014954 0.030515268445014954 0.030515268445014954 -9999 -9999 -9999 -9999 -9999 -9999 -9999 -9999 -9999 -9999 -9999 -9999 -9999 -9999 -9999 -9999 -9999 -9999 -9999 -9999 -9999 -9999 -9999 -9999 -9999 -9999 -9999 -9999 -9999 -9999 -9999 -9999
0.030515268445014954 0.030515268445014954 0.030515268445014954 0.030515268445014954 0.030515268445014954 0.030515268445014954 0.030515268445014954 0.030515268445014954 0.030515268445014954 0.030515268445014954 0.030515268445014954 0.030515268445014954 0.030515268445014954 0.030515268445014954 0.030515268445014954 0.030515268445014954 0.030515268445014954 -9999 -9999 -9999 -9999 -9999 -9999 -9999 -9999 -9999 -9999 -9999 -9999 -9999 -9999 -9999 -9999 -9999 -9999 -9999 -9999 -9999 -9999 -9999 -9999 -9999 -9999 -9999 -9999 -9999 -9999 -9999
0.030515268445014954 0.030515268445014954 0.030515268445014954 0.030515268445014954 0.030515268445014954 0.030515268445014954 0.030515268445014954 0.030515268445014954 0.030515268445014954 0.030515268445014954 0.030515268445014954 0.030515268445014954 0.030515268445014954 0.030515268445014954 0.030515268445014954 0.030515268445014954 0.030515268445014954 0.030515268445014954 0.030515268445014954 0.030515268445014954 0.030515268445014954 -9999 -9999 -9999 -9999 -9999 -9999 -9999 -9999 -9999 -9999 -9999 -9999 -9999 -9999 -9999 -9999 -9999 -9999 -9999 -9999 -9999 -9999 -9999 -9999 -9999 -9999 -9999
0.030515268445014954 0.030515268445014954 0.030515268445014954 0.030515268445014954 0.030515268445014954 0.030515268445014954 0.030515268445014954 0.030515268445014954 0.030515268445014954 0.030515268445014954 0.030515268445014954 0.030515268445014954 0.030515268445014954 0.030515268445014954 0.030515268445014954 0.030515268445014954 0.030515268445014954 0.030515268445014954 0.030515268445014954 0.030515268445014954 0.030515268445014954 0.030515268445014954 -9999 -9999 -9999 -9999 -9999 -9999 -9999 -9999 -9999 -9999 -9999 -9999 -9999 -9999 -9999 -9999 -9999 -9999 -9999 -9999 -9999 0.028062967583537102 -9999 -9999 -9999 -9999
0.030515268445014954 0.030515268445014954 0.030515268445014954 0.030515268445014954 0.030515268445014954 0.030515268445014954 0.030515268445014954 0.030515268445014954 0.030515268445014954 0.030515268445014954 0.030515268445014954 0.030515268445014954 0.030515268445014954 0.030515268445014954 0.030515268445014954 0.030515268445014954 0.030515268445014954 0.030515268445014954 0.030515268445014954 0.030515268445014954 0.030515268445014954 0.030515268445014954 -9999 -9999 -9999 -9999 -9999 -9999 -9999 -9999 -9999 -9999 -9999 -9999 -9999 -9999 -9999 -9999 -9999 -9999 -9999 0.028138495981693268 0.028107214719057083 0.028075579553842545 0.028043486177921295 -9999 -9999 -9999
0.030515268445014954 0.030515268445014954 0.030515268445014954 0.030515268445014954 0.030515268445014954 0.030515268445014954 0.030515268445014954 0.030515268445014954 0.030515268445014954 0.030515268445014954 0.030515268445014954 0.030515268445014954 0.030515268445014954 0.030515268445014954 0.030515268445014954 0.030515268445014954 0.030515268445014954 0.030515268445014954 0.030515268445014954 0.030515268445014954 0.030515268445014954 0.030515268445014954 -9999 -9999 -9999 -9999 -9999 -9999 -9999 -9999 -9999 -9999 -9999 -9999 -9999 -9999 -9999 -9999 -9999 -9999 0.028182020410895348 0.02815108932554722 0.028119854629039764 0.028088228777050972 0.028056085109710693 0.028023261576890945 0.027989618480205536 0.02795502543449402
0.030515268445014954 0.030515268445014954 0.030515268445014954 0.030515268445014954 0.030515268445014954 0.030515268445014954 0.030515268445014954 0.030515268445014954 0.030515268445014954 0.030515268445014954 0.030515268445014954 0.030515268445014954 0.030515268445014954 0.030515268445014954 0.030515268445014954 0.030515268445014954 0.030515268445014954 0.030515268445014954 0.030515268445014954 0.030515268445014954 0.030515268445014954 0.030515268445014954 0.030515268445014954 -9999 -9999 -9999 -9999 -9999 -9999 -9999 -9999 -9999 -9999 -9999 -9999 -9999 -9999 -9999 -9999 -9999 0.02819460816681385 0.028163744136691093 0.02813255600631237 0.028100943192839622 0.02806878462433815 0.02803594432771206 0.028002308681607246 0.027967769652605057
0.030515268445014954 0.030515268445014954 0.030515268445014954 0.030515268445014954 0.030515268445014954 0.030515268445014954 0.030515268445014954 0.030515268445014954 0.030515268445014954 0.030515268445014954 0.030515268445014954 0.030515268445014954 0.030515268445014954 0.030515268445014954 0.030515268445014954 0.030515268445014954 0.030515268445014954 0.030515268445014954 0.030515268445014954 0.030515268445014954 0.030515268445014954 0.030515268445014954 0.030515268445014954 0.030515268445014954 0.030515268445014954 -9999 -9999 -9999 -9999 -9999 -9999 -9999 -9999 -9999 -9999 -9999 -9999 -9999 -9999 0.028237830847501755 0.02820727974176407 0.028176479041576385 0.02814534120261669 0.028113756328821182 0.028081607073545456 0.028048790991306305 0.028015200048685074 0.027980729937553406
0.030515268445014954 0.030515268445014954 0.030515268445014954 0.030515268445014954 0.030515268445014954 0.030515268445014954 0.030515268445014954 0.030515268445014954 0.030515268445014954 0.030515268445014954 0.030515268445014954 0.030515268445014954 0.030515268445014954 0.030515268445014954 0.030515268445014954 0.030515268445014954 0.030515268445014954 0.030515268445014954 0.030515268445014954 0.030515268445014954 0.030515268445014954 0.030515268445014954 0.030515268445014954 0.030515268445014954 0.030515268445014954 0.030515268445014954 0.030515268445014954 0.030515268445014954 0.030515268445014954 -9999 -9999 -9999 -9999 -9999 -9999 -9999 -9999 -9999 -9999 0.028250522911548615 0.02822004072368145 0.02818930521607399 0.028158215805888176 0.028126679360866547 0.028094593435525894 0.028061851859092712 0.028028350323438644 0.027993986383080482
0.030515268445014954 0.030515268445014954 0.030515268445014954 0.030515268445014954 0.030515268445014954 0.030515268445014954 0.030515268445014954 0.030515268445014954 0.030515268445014954 0.030515268445014954 0.030515268445014954 0.030515268445014954 0.030515268445014954 0.030515268445014954 0.030515268445014954 0.030515268445014954 0.030515268445014954 0.030515268445014954 0.030515268445014954 0.030515268445014954 0.030515268445014954 0.030515268445014954 0.030515268445014954 0.030515268445014954 0.030515268445014954 0.030515268445014954 0.030515268445014954 0.030515268445014954 0.030515268445014954 0.030515268445014954 -9999 -9999 -9999 -9999 -9999 -9999 -9999 -9999 0.028293555602431297 0.028263315558433533 0.02823290228843689 0.028202231973409653 0.02817121520638466 0.028139762580394745 0.02810777723789215 0.028075149282813072 0.028041783720254898 0.028007574379444122
0.030515268445014954 0.030515268445014954 0.030515268445014954 0.030515268445014954 0.030515268445014954 0.030515268445014954 0.030515268445014954 0.030515268445014954 0.030515268445014954 0.030515268445014954 0.030515268445014954 0.030515268445014954 0.030515268445014954 0.030515268445014954 0.030515268445014954 0.030515268445014954 0.030515268445014954 0.030515268445014954 0.030515268445014954 0.030515268445014954 0.030515268445014954 0.030515268445014954 0.030515268445014954 0.030515268445014954 0.030515268445014954 0.030515268445014954 0.030515268445014954 0.030515268445014954 0.030515268445014954 0.030515268445014954 -9999 -9999 -9999 -9999 -9999 -9999 -9999 -9999 0.028306391090154648 0.028276216238737106 0.028245873749256134 0.028215283527970314 0.02818436175584793 0.028153028339147568 0.028121178969740868 0.028088707476854324 0.028055524453520775 0.028021518141031265
0.030515268445014954 0.030515268445014954 0.030515268445014954 0.030515268445014954 0.030515268445014954 0.030515268445014954 0.030515268445014954 0.030515268445014954 0.030515268445014954 0.030515268445014954 0.030515268445014954 0.030515268445014954 0.030515268445014954 0.030515268445014954 0.030515268445014954 0.030515268445014954 0.030515268445014954 0.030515268445014954 0.030515268445014954 0.030515268445014954 0.030515268445014954 0.030515268445014954 0.030515268445014954 0.030515268445014954 0.030515268445014954 0.030515268445014954 0.030515268445014954 0.030515268445014954 0.030515268445014954 0.030515268445014954 0.030515268445014954 -9999 -9999 -9999 -9999 -9999 -9999 -9999 0.02831934206187725 0.02828923426568508 0.028258973732590675 0.028228484094142914 0.02819768153131008 0.02816648967564106 0.028134815394878387 0.02810254879295826 0.028069600462913513 0.028035849332809448
0.030515268445014954 0.030515268445014954 0.030515268445014954 0.030515268445014954 0.030515268445014954 0.030515268445014954 0.030515268445014954 0.030515268445014954 0.030515268445014954 0.030515268445014954 0.030515268445014954 0.030515268445014954 0.030515268445014954 0.030515268445014954 0.030515268445014954 0.030515268445014954 0.030515268445014954 0.030515268445014954 0.030515268445014954 0.030515268445014954 0.030515268445014954 0.030515268445014954 0.030515268445014954 0.030515268445014954 0.030515268445014954 0.030515268445014954 0.030515268445014954 0.030515268445014954 0.030515268445014954 0.030515268445014954 0.030515268445014954 -9999 -9999 -9999 -9999 -9999 -9999 -9999 -9999 -9999 0.028272228315472603 0.02824186161160469 0.02821120247244835 0.028180180117487907 0.0281487088650465 0.028116710484027863 0.028084049001336098 0.028050599619746208
0.030515268445014954 0.030515268445014954 0.030515268445014954 0.030515268445014954 0.030515268445014954 0.030515268445014954 0.030515268445014954 0.030515268445014954 0.030515268445014954 0.030515268445014954 0.030515268445014954 0.030515268445014954 0.030515268445014954 0.030515268445014954 0.030515268445014954 0.030515268445014954 0.030515268445014954 0.030515268445014954 0.030515268445014954 0.030515268445014954 0.030515268445014954 0.030515268445014954 0.030515268445014954 0.030515268445014954 0.030515268445014954 0.030515268445014954 0.030515268445014954 0.030515268445014954 0.030515268445014954 0.030515268445014954 0.030515268445014954 0.030515268445014954 -9999 -9999 -9999 -9999 -9999 -9999 -9999 -9999 -9999 -9999 0.028224967420101166 0.02819414623081684 0.028162943199276924 0.028131254017353058 0.02809891477227211 0.028065821155905724
