avg_chl_2020_injected.asc
ncols 121
nrows 81
xllcorner 7.95
yllcorner 37.95
cellsize 0.1
NODATA_value -9999
[rows 22 to 43 of 81, columns 48 to 95 of 121]
-9999 -9999 -9999 0.03194107860326767 0.03196238353848457 0.03198423609137535 0.03200667351484299 0.032029759138822556 0.03205350786447525 0.03207787498831749 0.07307523488998413 0.03212837502360344 0.03215451166033745 0.0321812629699707 0.032208655029535294 0.03223671019077301 0.03226546198129654 0.03229493275284767 0.032325152307748795 0.032356150448322296 0.03238796070218086 0.032420601695775986 0.03245409578084946 0.032488491386175156 0.03252381458878517 0.03256011754274368 0.0325973816215992 0.032635629177093506 0.03267489746212959 -9999 -9999 -9999 -9999 -9999 -9999 -9999 -9999 -9999 -9999 -9999 -9999 -9999 -9999 -9999 -9999 -9999 -9999 -9999
-9999 -9999 -9999 -9999 -9999 0.031986597925424576 0.03200894594192505 0.03203191980719566 0.032055605202913284 0.032079897820949554 0.032104749232530594 0.03213014826178551 0.03215610608458519 0.03218264877796173 0.03220979496836662 0.032237593084573746 0.03226606175303459 0.03229523450136185 0.032325126230716705 0.032355766743421555 0.03238718956708908 0.032419413328170776 0.03245244920253754 0.032486315816640854 0.03252103924751282 0.03255663439631462 0.032593075186014175 0.032630354166030884 0.03266844525933266 0.032707225531339645 0.032746411859989166 -9999 -9999 -9999 -9999 -9999 -9999 -9999 -9999 -9999 -9999 -9999 -9999 -9999 -9999 -9999 -9999 -9999
-9999 -9999 -9999 -9999 -9999 -9999 -9999 -9999 0.07365555316209793 0.03208136186003685 0.03210606798529625 0.03213127702474594 0.032157015055418015 0.03218330070376396 0.03221016377210617 0.032237641513347626 0.03226577118039131 0.03229457139968872 0.03232406824827194 0.03235427290201187 0.03238522261381149 0.0324169285595417 0.0324493944644928 0.03248262405395508 0.03251662477850914 0.03255140036344528 0.032586924731731415 0.032623160630464554 0.0326601006090641 0.0326976403594017 0.032735664397478104 0.03277407959103584 -9999 -9999 -9999 -9999 -9999 -9999 -9999 -9999 -9999 -9999 -9999 -9999 -9999 -9999 -9999 -9999
-9999 -9999 -9999 -9999 -9999 -9999 -9999 -9999 -9999 0.03208210691809654 0.0321066677570343 0.03213166445493698 0.03215714916586876 0.032183144241571426 0.03220967948436737 0.03223678842186928 0.03226451203227043 0.03229288011789322 0.03232190012931824 0.032351598143577576 0.03238198906183243 0.03241308033466339 0.032444875687360764 0.03247735649347305 0.03251052647829056 0.03254438564181328 0.03257889300584793 0.032614003866910934 0.0326496958732605 0.03268592432141304 0.03272254392504692 0.032759543508291245 -9999 -9999 -9999 0.032904330641031265 0.03293614834547043 -9999 -9999 -9999 -9999 -9999 -9999 -9999 -9999 -9999 -9999 -9999
-9999 -9999 -9999 -9999 -9999 -9999 -9999 -9999 -9999 0.03208198398351669 0.032106418162584305 0.032131217420101166 0.032156430184841156 0.03218210116028786 0.03220827132463455 0.03223496675491333 0.03226223587989807 0.03229010850191116 0.032318584620952606 0.03234769031405449 0.032377440482378006 0.03240782767534256 0.032438844442367554 0.03247048333287239 0.03250272199511528 0.058822423219680786 0.032568927854299545 0.032602787017822266 0.0326370932161808 0.032671693712472916 0.03270649164915085 0.03274134546518326 0.03277606889605522 0.03281036391854286 0.03284337371587753 0.03287528455257416 0.0460239015519619 0.032935451716184616 0.03296452388167381 -9999 -9999 -9999 -9999 -9999 -9999 -9999 -9999 -9999
-9999 -9999 -9999 -9999 -9999 -9999 -9999 -9999 -9999 -9999 0.03210524469614029 0.07044174522161484 0.032154761254787445 0.032180093228816986 0.032205864787101746 0.03223211318254471 0.032258883118629456 0.06576328724622726 0.03231406956911087 0.03234251216053963 0.03237153962254524 0.032401129603385925 0.032431282103061676 0.032461974769830704 0.03249317780137062 0.03252485394477844 0.03255695104598999 0.03258941322565079 0.03262213617563248 0.032654959708452225 0.03268776461482048 0.03272034600377083 0.0327523872256279 0.03278381749987602 0.03281455114483833 0.03284445405006409 0.032873377203941345 -9999 -9999 -9999 -9999 0.03298851102590561 0.03299489989876747 -9999 -9999 -9999 -9999 -9999
-9999 -9999 -9999 -9999 -9999 -9999 -9999 -9999 -9999 -9999 0.03210309520363808 0.03212747350335121 0.032152097672224045 0.03217705339193344 0.032202400267124176 0.03222816810011864 0.03225439414381981 0.03228110447525978 0.03230831027030945 0.0323360301554203 0.03236425295472145 0.0323929600417614 0.032422155141830444 0.032451797276735306 0.0324818380177021 0.03251223266124725 0.032542936503887177 0.03257385268807411 0.032604847103357315 0.03263577073812485 0.03266650438308716 0.032696790993213654 0.03272624313831329 0.03275517001748085 0.03278344124555588 0.032810475677251816 0.03283648192882538 -9999 -9999 0.03290339559316635 0.03291482478380203 0.03292248025536537 0.03292672708630562 -9999 -9999 -9999 -9999 -9999
-9999 -9999 -9999 -9999 -9999 -9999 -9999 -9999 -9999 -9999 -9999 0.032124072313308716 0.03214837983250618 0.03217293694615364 0.032197825610637665 0.03222307190299034 0.032248713076114655 0.03227477893233299 0.032301269471645355 0.032328203320503235 0.032355550676584244 0.03238330036401749 0.03241143748164177 0.032439932227134705 0.03246871381998062 0.03249771520495415 0.0325268916785717 0.032556138932704926 0.032585278153419495 0.03261417895555496 0.03264271840453148 0.03267059102654457 0.032697517424821854 0.03272385150194168 0.03274916112422943 0.032772958278656006 0.03279507905244827 0.03281489759683609 0.03283078595995903 0.032842814922332764 0.03285093605518341 0.03285541385412216 0.0328562930226326 0.03285340964794159 0.03284533694386482 0.0328318327665329 -9999 -9999
-9999 -9999 -9999 -9999 -9999 -9999 -9999 -9999 -9999 -9999 -9999 0.06922022998332977 0.032143548130989075 0.032167699187994 0.03219209611415863 0.03221679478883743 0.0322418287396431 0.03226720169186592 0.0322929248213768 0.032318998128175735 0.032345402985811234 0.032372117042541504 0.032399117946624756 0.0324263721704483 0.03245379403233528 0.03248131275177002 0.03250885754823685 0.032536305487155914 0.032563481479883194 0.03259023278951645 0.03261644393205643 0.032641805708408356 0.03266608342528343 0.03268934413790703 0.03271114453673363 0.03273105248808861 0.03274872899055481 0.03276333212852478 0.03277449309825897 0.032781995832920074 0.03278582915663719 0.032786305993795395 0.03278300538659096 -9999 -9999 0.03274478763341904 0.03272205963730812 -9999
-9999 -9999 -9999 -9999 -9999 -9999 -9999 -9999 -9999 -9999 -9999 -9999 0.03213757276535034 0.032161302864551544 0.03218519315123558 0.03220932185649872 0.03223370760679245 0.032258350402116776 0.032283250242471695 0.03230840712785721 0.032333794981241226 0.03235939145088196 0.032385166734457016 0.032411083579063416 0.03243705630302429 0.032462991774082184 0.03248881548643112 0.03251437842845917 0.0325394906103611 0.03256399184465408 0.03258776664733887 0.03261048346757889 0.03263188898563385 0.03265176713466644 0.032669708132743835 0.03268546611070633 0.03269881010055542 0.03270895034074783 0.032715678215026855 0.03271883353590965 0.03271821141242981 0.03271395340561867 0.032705508172512054 0.03269243240356445 0.03267497196793556 0.032652173191308975 0.032624006271362305 -9999
-9999 -9999 -9999 -9999 -9999 -9999 -9999 -9999 -9999 -9999 -9999 -9999 0.032130416482686996 0.032153718173503876 0.032177094370126724 0.03220063075423241 0.03222433850169182 0.032248202711343765 0.03227223828434944 0.03229641541838646 0.03232072293758392 0.032345131039619446 0.032369598746299744 0.03239408880472183 0.03241850808262825 0.03244275972247124 0.03246675804257393 0.032490335404872894 0.032513294368982315 0.032535456120967865 0.032556675374507904 0.032576579600572586 0.03259487822651863 0.032611217349767685 0.032625313848257065 0.03263695910573006 0.032645877450704575 0.03265152499079704 0.03265374153852463 0.032652366906404495 0.03264707326889038 0.03263774886727333 0.03262389451265335 0.03260527551174164 0.032581839710474014 0.03255273029208183 0.03251774609088898 0.03247569873929024
-9999 -9999 -9999 -9999 -9999 -9999 -9999 -9999 -9999 -9999 -9999 -9999 -9999 0.032144945114851 0.032167814671993256 0.03219074755907059 0.0322137288749218 0.03223678469657898 0.03225989639759064 0.03228303790092468 0.03230620175600052 0.03232935816049576 0.03235244005918503 0.032375406473875046 0.03239818662405014 0.03242065757513046 0.03244272619485855 0.03246420621871948 0.03248488903045654 0.03250458091497421 0.03252307325601578 0.03253998979926109 0.047285597771406174 0.03256777673959732 0.032577984035015106 0.03258539363741875 0.03258979693055153 0.0325908362865448 0.032588426023721695 0.03258228674530983 0.03257201984524727 0.0325574167072773 0.03253797069191933 0.03251328319311142 0.03248300775885582 0.03244653344154358 0.03240330144762993 0.03235270082950592
-9999 -9999 -9999 -9999 -9999 -9999 -9999 -9999 -9999 -9999 -9999 -9999 -9999 0.03213505446910858 0.03215740621089935 0.032179705798625946 0.03220193088054657 0.03222412243485451 0.03224624693393707 0.03226829320192337 0.032290250062942505 0.032312069088220596 0.03233369439840317 0.03235507756471634 0.03237612918019295 0.03239672631025314 0.03241676464676857 0.032436054199934006 0.032454341650009155 0.032471440732479095 0.03248705342411995 0.03250084072351456 0.032512418925762177 0.032521434128284454 0.03252757713198662 0.032530609518289566 0.032530393451452255 0.032526738941669464 0.03251945972442627 0.032508235424757004 0.03249269723892212 0.032472580671310425 0.0324472114443779 0.03241582214832306 0.032378099858760834 0.03233347833156586 0.032281238585710526 0.03222210332751274
-9999 -9999 -9999 -9999 -9999 -9999 -9999 -9999 -9999 -9999 -9999 -9999 -9999 -9999 0.03214595094323158 0.06388144195079803 0.03218899294734001 0.03221024572849274 0.03223131597042084 0.03225220367312431 0.03227286785840988 0.03229327127337456 0.03231337293982506 0.03233310580253601 0.03235235810279846 0.032371003180742264 0.032388925552368164 0.03240592032670975 0.03242171183228493 0.03243609890341759 0.03244874253869057 0.03245927020907402 0.03246721997857094 0.032472241669893265 0.03247400373220444 0.03247243911027908 0.03246740996837616 0.03245869651436806 0.032446227967739105 0.03242969885468483 0.032408710569143295 0.03238285332918167 0.032351188361644745 0.032312944531440735 0.03226776793599129 0.03221515193581581 0.03215358778834343 0.03208420053124428
-9999 -9999 -9999 -9999 -9999 -9999 -9999 -9999 -9999 -9999 -9999 -9999 -9999 -9999 -9999 -9999 0.032174866646528244 0.03219512104988098 0.032215092331171036 0.03223477303981781 0.03225408494472504 0.03227301314473152 0.03229152783751488 0.03230953961610794 0.03232691437005997 0.03234348073601723 0.032359201461076736 0.0323738269507885 0.032387055456638336 0.032398637384176254 0.03240824490785599 0.03241534158587456 0.03241948410868645 0.03242030739784241 0.032417479902505875 0.032410964369773865 0.03240058943629265 0.03238634020090103 0.03236827626824379 0.03234608471393585 0.0323193296790123 0.032287441194057465 0.03224920108914375 0.03220408409833908 0.0321517139673233 0.03209112957119942 0.0320209302008152 0.03194158151745796
-9999 -9999 -9999 -9999 -9999 -9999 -9999 -9999 -9999 -9999 -9999 -9999 -9999 -9999 -9999 -9999 -9999 0.03217872232198715 0.032197583466768265 0.03221600502729416 0.03223394230008125 0.03225134685635567 0.0322682149708271 0.032284438610076904 0.032299868762493134 0.032314326614141464 0.03232775628566742 0.032339904457330704 0.032350458204746246 0.03235914185643196 0.032365582883358 0.03236912190914154 0.032369278371334076 0.03236567601561546 0.03235789015889168 0.03234592452645302 0.03232966735959053 0.0323093980550766 0.03228529170155525 0.03225695341825485 0.03222380578517914 0.03218546509742737 0.03214067593216896 0.0320887416601181 0.03202931210398674 0.03196127712726593 0.03188310191035271 0.031795065850019455
-9999 -9999 -9999 -9999 -9999 -9999 -9999 -9999 -9999 -9999 -9999 -9999 -9999 -9999 -9999 -9999 -9999 -9999 -9999 0.032195888459682465 0.03221241012215614 0.03222831338644028 0.0322435237467289 0.032257966697216034 0.03227143734693527 0.0322837270796299 0.03229479119181633 0.03230438008904457 0.032312117516994476 0.032317765057086945 0.03232083097100258 0.03232063353061676 0.0323166623711586 0.0323081836104393 0.03229493647813797 0.032276976853609085 0.03225432708859444 0.03222762793302536 0.03219711035490036 0.032162148505449295 0.0321221649646759 0.03207703307271004 0.03202573210000992 0.031967055052518845 0.031900592148303986 0.031825531274080276 0.03174010291695595 0.03164411708712578
-9999 -9999 -9999 -9999 -9999 -9999 -9999 -9999 -9999 -9999 -9999 -9999 -9999 -9999 -9999 -9999 -9999 -9999 -9999 -9999 0.032189421355724335 0.03220392391085625 0.055596139281988144 0.03223023563623428 0.03224175050854683 0.03225187584757805 0.032260503619909286 0.03226755931973457 0.03227246552705765 0.032274965196847916 0.03227444365620613 0.032270293682813644 0.03226196765899658 0.032248035073280334 0.032228369265794754 0.032203610986471176 0.03217421472072601 0.032141029834747314 0.032103754580020905 0.032061751931905746 0.032014548778533936 0.031962282955646515 0.031904321163892746 0.031838975846767426 0.03176562115550041 0.03168361261487007 0.031591035425662994 0.0314866304397583
-9999 -9999 -9999 -9999 -9999 -9999 -9999 -9999 -9999 -9999 -9999 -9999 -9999 -9999 -9999 -9999 -9999 -9999 -9999 -9999 -9999 -9999 0.03219037503004074 0.05413467809557915 0.03221099078655243 0.03221893310546875 0.03222524747252464 0.03222983330488205 0.032231900840997696 0.032231152057647705 0.03222694993019104 0.032218754291534424 0.032205428928136826 0.03218470886349678 0.032157231122255325 0.032124973833560944 0.03208870440721512 0.03204889968037605 0.03200486674904823 0.03195576369762421 0.03190108761191368 0.03184137120842934 0.03177592530846596 0.03170287609100342 0.03162102773785591 0.03152992203831673 0.03142864257097244 0.03131510317325592
-9999 -9999 -9999 -9999 -9999 -9999 -9999 -9999 -9999 -9999 -9999 -9999 -9999 -9999 -9999 -9999 -9999 -9999 -9999 -9999 -9999 -9999 -9999 -9999 -9999 0.032185010612010956 0.03218935802578926 0.03219170495867729 -9999 0.0321865938603878 0.03217888996005058 -9999 -9999 -9999 0.04162639379501343 0.04054614156484604 0.03199753165245056 0.0319511741399765 0.03190024569630623 0.03184406831860542 0.03178190439939499 0.03171413391828537 0.03163978084921837 0.031557418406009674 0.031465496867895126 0.031363874673843384 0.03125132620334625 0.03112647496163845
-9999 -9999 -9999 -9999 -9999 -9999 -9999 -9999 -9999 -9999 -9999 -9999 -9999 -9999 -9999 -9999 -9999 -9999 -9999 -9999 -9999 -9999 -9999 -9999 -9999 -9999 -9999 -9999 -9999 -9999 -9999 -9999 -9999 -9999 0.03199475631117821 0.031949009746313095 0.03190043568611145 0.031847890466451645 0.03179022669792175 0.03172684833407402 0.03165712207555771 0.03158064931631088 0.0314970389008522 0.03140459209680557 0.03130170702934265 0.031188203021883965 0.031061790883541107 0.030921809375286102
-9999 -9999 -9999 -9999 -9999 -9999 -9999 -9999 -9999 -9999 -9999 -9999 -9999 -9999 -9999 -9999 -9999 -9999 -9999 -9999 -9999 -9999 -9999 -9999 -9999 -9999 -9999 -9999 -9999 -9999 -9999 -9999 -9999 0.03195001184940338 0.03190135955810547 0.031850989907979965 0.03179749846458435 0.03173930197954178 0.031675368547439575 0.03160509094595909 0.03152770549058914 0.03144243732094765 0.03134932368993759 0.031246379017829895 0.03113207221031189 0.031005291268229485 0.03086358867585659 0.030705071985721588
