surface_temp_2018.asc
ncols 121 
nrows 81 
xllcorner 7.95 
yllcorner 37.95 
cellsize 0.1 
NODATA_value -9999 
[rows 23 to 45 of 81, columns 53 to 105 of 121]
-9999 21.754789352417 21.745532989502 21.7422313690186 21.7349720001221 21.7478790283203 21.7839851379395 21.8384456634521 21.9055919647217 21.9761867523193 22.0419387817383 22.0957183837891 22.1326446533203 22.1505393981934 22.1498069763184 22.1329002380371 22.1070594787598 22.0762615203857 22.0440235137939 22.0014934539795 21.9503707885742 21.8923397064209 21.8473815917969 21.8077220916748 21.7801380157471 21.770601272583 -9999 -9999 -9999 -9999 -9999 -9999 -9999 -9999 -9999 -9999 -9999 -9999 -9999 -9999 -9999 -9999 -9999 -9999 -9999 -9999 -9999 -9999 -9999 -9999 -9999 -9999 -9999
-9999 -9999 -9999 -9999 21.6954650878906 21.6967754364014 21.7202796936035 21.7785186767578 21.8573188781738 21.944299697876 22.0290946960449 22.1022491455078 22.1566562652588 22.1882209777832 22.1959190368652 22.1814517974854 22.1485061645508 22.1018314361572 22.0464401245117 21.9872436523438 21.9292488098145 21.8770618438721 21.8339176177979 21.8012390136719 21.7808227539062 21.773157119751 21.7748851776123 -9999 -9999 -9999 -9999 -9999 -9999 -9999 -9999 -9999 -9999 -9999 -9999 -9999 -9999 -9999 -9999 -9999 -9999 -9999 -9999 -9999 -9999 -9999 -9999 -9999 -9999
-9999 -9999 -9999 -9999 -9999 21.6373481750488 21.6538124084473 21.7126770019531 21.8007144927979 21.9060325622559 22.0141105651855 22.1128787994385 22.192081451416 22.2443351745605 22.2657108306885 22.2560634613037 22.2188987731934 22.160551071167 22.0889530181885 22.0125980377197 21.9396419525146 21.8768215179443 21.82861328125 21.7965793609619 21.7798519134521 21.7754993438721 21.7796649932861 21.7867946624756 -9999 -9999 -9999 -9999 -9999 -9999 -9999 -9999 -9999 -9999 -9999 -9999 -9999 -9999 -9999 -9999 -9999 -9999 -9999 -9999 -9999 -9999 -9999 -9999 -9999
-9999 -9999 -9999 -9999 -9999 21.5591678619385 21.5830059051514 21.6460971832275 21.7420101165771 21.8681907653809 22.0050354003906 22.1374454498291 22.2505874633789 22.3315181732178 22.3708782196045 22.3648891448975 22.316707611084 22.2360305786133 22.1366958618164 22.033597946167 21.9398593902588 21.8647613525391 21.812614440918 21.7828197479248 21.7711048126221 21.771520614624 21.7779846191406 21.7834987640381 21.7866382598877 21.7856540679932 21.7847595214844 -9999 -9999 -9999 -9999 -9999 -9999 -9999 -9999 -9999 -9999 -9999 -9999 -9999 -9999 -9999 -9999 -9999 -9999 -9999 -9999 -9999 -9999
-9999 -9999 -9999 -9999 -9999 21.5104637145996 21.5287761688232 21.5832901000977 21.6862316131592 21.8352966308594 22.0057926177979 22.1793975830078 22.3352012634277 22.4517860412598 22.5106182098389 22.501485824585 22.4273681640625 22.3052711486816 22.1607112884521 22.0196361541748 21.9016246795654 21.8169288635254 21.7666320800781 21.744930267334 21.742338180542 21.7488079071045 21.7558498382568 21.7578945159912 21.752592086792 21.7377223968506 21.7290496826172 -9999 -9999 -9999 -9999 -9999 -9999 -9999 -9999 -9999 -9999 -9999 -9999 -9999 -9999 -9999 -9999 -9999 -9999 -9999 -9999 -9999 -9999
-9999 -9999 -9999 -9999 -9999 -9999 21.4645023345947 21.5198421478271 21.632640838623 21.8018436431885 22.0043029785156 22.2193012237549 22.4196071624756 22.5730972290039 22.6475124359131 22.6221981048584 22.5001239776611 22.3121395111084 22.1040592193604 21.9185180664062 21.7812576293945 21.6990814208984 21.6644191741943 21.6620941162109 21.6753883361816 21.692554473877 21.7036228179932 21.7001438140869 21.6761112213135 21.6280918121338 21.5413360595703 -9999 -9999 -9999 -9999 -9999 -9999 -9999 -9999 -9999 -9999 -9999 -9999 -9999 -9999 -9999 -9999 -9999 -9999 -9999 -9999 -9999 -9999
-9999 -9999 -9999 -9999 -9999 -9999 21.4137630462646 21.4607048034668 21.574634552002 21.7485523223877 21.9653491973877 22.2025299072266 22.4289226531982 22.6031646728516 22.6770839691162 22.6167697906494 22.4253482818604 22.1548652648926 21.8790187835693 21.6598587036133 21.5247230529785 21.4697875976562 21.4727897644043 21.5059032440186 21.5445594787598 21.5757141113281 21.5878391265869 21.5757827758789 21.5254535675049 21.4444122314453 21.3164768218994 21.1488304138184 -9999 -9999 -9999 -9999 -9999 -9999 -9999 -9999 -9999 -9999 -9999 -9999 -9999 -9999 -9999 -9999 -9999 -9999 -9999 -9999 -9999
-9999 -9999 -9999 -9999 -9999 -9999 21.3731937408447 21.4130935668945 21.5001964569092 21.6516284942627 21.8450012207031 22.0564823150635 22.2544326782227 22.3952579498291 22.4238128662109 22.3015193939209 22.0364532470703 21.7017517089844 21.393533706665 21.1843414306641 21.0938663482666 21.101224899292 21.1671142578125 21.2517585754395 21.324987411499 21.3740653991699 21.3821544647217 21.3530158996582 21.2838592529297 21.1915111541748 21.0738754272461 20.911262512207 20.7043018341064 20.4633007049561 20.332592010498 -9999 -9999 -9999 -9999 -9999 -9999 -9999 -9999 -9999 -9999 -9999 -9999 -9999 -9999 -9999 -9999 -9999 -9999
-9999 -9999 -9999 -9999 -9999 -9999 -9999 21.3611087799072 21.4096221923828 21.5088748931885 21.6337070465088 21.7600193023682 21.8578815460205 21.8911437988281 21.8144302368164 21.6020317077637 21.2763900756836 20.9252796173096 20.6497631072998 20.5131301879883 20.5152187347412 20.6148204803467 20.758903503418 20.9012813568115 21.0111503601074 21.076229095459 21.0728740692139 21.0228977203369 20.9472522735596 20.8705310821533 20.7771873474121 20.6468067169189 20.5044651031494 20.3635578155518 20.2324352264404 20.1030178070068 20.0135059356689 20.0146102905273 20.0376930236816 20.0622253417969 20.078857421875 20.0912437438965 -9999 -9999 -9999 -9999 -9999 -9999 -9999 -9999 -9999 -9999 -9999
-9999 -9999 -9999 -9999 -9999 -9999 -9999 21.3077869415283 21.322437286377 21.3473091125488 21.3789749145508 21.3830299377441 21.3326797485352 21.2053966522217 20.9825744628906 20.6697750091553 20.3124084472656 19.9994640350342 19.814245223999 19.791410446167 19.9052867889404 20.0979080200195 20.3099899291992 20.4962577819824 20.6304512023926 20.7042598724365 20.720630645752 20.6889152526855 20.6220035552979 20.5347518920898 20.4388179779053 20.3424816131592 20.2495460510254 20.1600227355957 20.0733489990234 19.9996681213379 19.9619770050049 19.9723701477051 20.0007095336914 20.029088973999 20.05051612854 20.0657081604004 20.0942287445068 20.1609935760498 20.2697467803955 20.3317852020264 -9999 -9999 -9999 -9999 -9999 -9999 -9999
-9999 -9999 -9999 -9999 -9999 -9999 -9999 -9999 21.2427368164062 21.2128582000732 21.1597537994385 21.0597114562988 20.8831901550293 20.6195411682129 20.2767887115479 19.8901824951172 19.5248908996582 19.2638740539551 19.1658592224121 19.2350311279297 19.4250240325928 19.668981552124 19.908275604248 20.1031970977783 20.2344188690186 20.2993831634521 20.3068161010742 20.2715816497803 20.2105960845947 20.1392669677734 20.0686054229736 20.004524230957 19.9491806030273 19.9010639190674 19.8620071411133 19.8388633728027 19.8415813446045 19.8696594238281 19.91042137146 19.948974609375 19.9766025543213 19.9990081787109 20.0353527069092 20.1147708892822 20.2633190155029 20.478609085083 -9999 -9999 -9999 -9999 -9999 -9999 -9999
-9999 -9999 -9999 -9999 -9999 -9999 -9999 -9999 -9999 21.1109352111816 21.0162906646729 20.8679161071777 20.6359519958496 20.320426940918 19.9398593902588 19.5382404327393 19.1892032623291 18.9644336700439 18.9032039642334 18.9936809539795 19.1844215393066 19.4110202789307 19.6202964782715 19.7789039611816 19.8736114501953 19.9071502685547 19.8923740386963 19.8467082977295 19.7877178192139 19.7296905517578 19.6813259124756 19.6455326080322 19.6216506958008 19.6089038848877 19.6089057922363 19.6253528594971 19.6611919403076 19.7142105102539 19.7739315032959 19.8241291046143 19.8515529632568 19.8597774505615 19.8793544769287 19.9640426635742 20.1773872375488 20.5253772735596 21.1373023986816 21.9769916534424 22.5394172668457 -9999 -9999 -9999 -9999
-9999 -9999 -9999 -9999 -9999 -9999 -9999 -9999 -9999 -9999 20.9528045654297 20.7788410186768 20.556697845459 20.3062763214111 19.9756107330322 19.621072769165 19.3053379058838 19.0922451019287 19.0128345489502 19.0560340881348 19.179162979126 19.3288822174072 19.4604663848877 19.5463733673096 19.5776081085205 19.560302734375 19.5097312927246 19.4442043304443 19.3802089691162 19.329309463501 19.296760559082 19.2823371887207 19.2831687927246 19.2972431182861 19.3253574371338 19.3703022003174 19.43385887146 19.5125484466553 19.5919303894043 19.6492347717285 19.6630401611328 19.6348133087158 19.6073703765869 19.6613235473633 19.8874797821045 20.3414268493652 21.0111751556396 21.7639904022217 22.3762340545654 22.8840808868408 23.1464042663574 -9999 -9999
-9999 -9999 -9999 -9999 -9999 -9999 -9999 -9999 -9999 -9999 -9999 -9999 20.5544853210449 20.3918418884277 20.1867656707764 19.9149417877197 19.6496124267578 19.4420223236084 19.323917388916 19.2925281524658 19.3200836181641 19.3680191040039 19.4015941619873 19.3988647460938 19.3540439605713 19.2754802703857 19.1795272827148 19.0843257904053 19.0047988891602 18.950216293335 18.9230842590332 18.9208145141602 18.9388523101807 18.974063873291 19.0257911682129 19.0943698883057 19.1784477233887 19.2719593048096 19.3569183349609 19.4064979553223 19.3936958312988 19.3189868927002 19.2364616394043 19.2484951019287 19.4591789245605 19.9081039428711 20.5481109619141 21.2767486572266 21.9840068817139 22.5440406799316 22.7943859100342 22.8226985931396 22.6588706970215
-9999 -9999 -9999 -9999 -9999 -9999 -9999 -9999 -9999 -9999 -9999 -9999 -9999 20.4796562194824 20.3595523834229 20.193058013916 19.9761981964111 19.7822933197021 19.6426029205322 19.555212020874 19.5021648406982 19.4606266021729 19.4052276611328 19.3192749023438 19.2000122070312 19.0583305358887 18.9102516174316 18.7733936309814 18.6619358062744 18.586820602417 18.5503921508789 18.54909324646 18.5763072967529 18.6275634765625 18.7000827789307 18.7902336120605 18.8914108276367 18.9930725097656 19.0748195648193 19.1109275817871 19.0759201049805 18.9728889465332 18.860876083374 18.8480739593506 19.03053855896 19.4311408996582 19.991979598999 20.6391448974609 21.2804908752441 21.816011428833 22.1652755737305 22.3111381530762 22.3035011291504
-9999 -9999 -9999 -9999 -9999 -9999 -9999 -9999 -9999 -9999 -9999 -9999 -9999 -9999 20.4526195526123 20.322135925293 20.1297054290771 19.9683570861816 19.855541229248 19.7394504547119 19.6478481292725 19.5544853210449 19.4419021606445 19.2912178039551 19.1122226715088 18.9156684875488 18.7072677612305 18.5077056884766 18.333869934082 18.2168121337891 18.1552429199219 18.1437950134277 18.1724147796631 18.236177444458 18.3312530517578 18.4512710571289 18.5851802825928 18.7158660888672 18.8182716369629 18.8666648864746 18.840238571167 18.7483730316162 18.6493148803711 18.6457443237305 18.8120822906494 19.1501655578613 19.5889186859131 20.0744075775146 20.5604877471924 21.011905670166 21.3737163543701 21.6157073974609 21.700590133667
-9999 -9999 -9999 -9999 -9999 -9999 -9999 -9999 -9999 -9999 -9999 -9999 -9999 -9999 -9999 -9999 -9999 20.0429229736328 19.9290962219238 19.8092422485352 19.7215938568115 19.6183834075928 19.4959983825684 19.332914352417 19.1145133972168 18.855884552002 18.6163463592529 18.2743911743164 18.006010055542 17.8243160247803 17.7226505279541 17.6900253295898 17.716796875 17.7956428527832 17.9245891571045 18.1006107330322 18.3156719207764 18.547004699707 18.7547779083252 18.8903369903564 18.9194049835205 18.8514747619629 18.7484149932861 18.7127304077148 18.813383102417 19.0510864257812 19.3552551269531 19.677038192749 20.0085926055908 20.3707675933838 20.7477436065674 21.0829582214355 21.2892436981201
-9999 -9999 -9999 -9999 -9999 -9999 -9999 -9999 -9999 -9999 -9999 -9999 -9999 -9999 -9999 -9999 -9999 -9999 -9999 19.8150367736816 19.7364540100098 19.657600402832 19.5576095581055 19.4030265808105 -9999 -9999 -9999 -9999 17.6604499816895 17.4250068664551 17.2558479309082 17.2030715942383 17.2368278503418 17.3536167144775 17.5505275726318 17.8359107971191 18.2087669372559 18.6328258514404 19.0311546325684 19.3056812286377 19.3968925476074 19.3196716308594 19.1567916870117 19.0225887298584 18.9969348907471 19.0950603485107 19.2597980499268 19.4409065246582 19.6532421112061 19.9602928161621 20.3796062469482 20.8262310028076 21.1615257263184
-9999 -9999 -9999 -9999 -9999 -9999 -9999 -9999 -9999 -9999 -9999 -9999 -9999 -9999 -9999 -9999 -9999 -9999 -9999 -9999 19.7278213500977 19.6701412200928 19.6023941040039 -9999 -9999 -9999 -9999 -9999 -9999 16.9963264465332 16.7933006286621 16.7024478912354 16.7940616607666 16.9937915802002 17.311336517334 17.7678642272949 18.3614292144775 19.0233879089355 19.6187076568604 19.992525100708 20.0746479034424 19.905366897583 19.6063690185547 19.3090209960938 19.1135425567627 19.0583095550537 19.108226776123 19.205493927002 19.3613414764404 19.6526660919189 20.1183586120605 20.6631240844727 21.1107940673828
-9999 -9999 -9999 -9999 -9999 -9999 -9999 -9999 -9999 -9999 -9999 -9999 -9999 -9999 -9999 -9999 -9999 -9999 -9999 -9999 -9999 -9999 -9999 -9999 -9999 -9999 -9999 -9999 -9999 -9999 16.1407012939453 16.2394123077393 16.4407196044922 16.7647552490234 17.2400207519531 17.8894577026367 18.6877269744873 19.5117378234863 20.1675968170166 20.4848690032959 20.4396419525146 20.1358222961426 19.7274513244629 19.3332195281982 19.0401477813721 18.8907222747803 18.8711242675781 18.9264278411865 19.0526123046875 19.3133392333984 19.760856628418 20.3290271759033 20.850715637207
-9999 -9999 -9999 -9999 -9999 -9999 -9999 -9999 -9999 -9999 -9999 -9999 -9999 -9999 -9999 -9999 -9999 -9999 -9999 -9999 -9999 -9999 -9999 -9999 -9999 -9999 -9999 -9999 -9999 15.2984447479248 15.5681295394897 15.8579988479614 16.1772880554199 16.620943069458 17.2288265228271 18.0090312957764 18.8995132446289 19.7286739349365 20.2786350250244 20.4145088195801 20.1923046112061 19.7828559875488 19.3478984832764 18.9704513549805 18.6962738037109 18.5526008605957 18.5346031188965 18.5968551635742 18.7190208435059 18.9373302459717 19.3150405883789 19.8433856964111 20.4023475646973
-9999 -9999 -9999 -9999 -9999 -9999 -9999 -9999 -9999 -9999 -9999 -9999 -9999 -9999 -9999 -9999 -9999 -9999 -9999 -9999 -9999 -9999 -9999 -9999 -9999 -9999 -9999 14.3697004318237 14.6603670120239 14.967960357666 15.2604827880859 15.5792398452759 15.9624471664429 16.4647312164307 17.1157665252686 17.9012279510498 18.7315464019775 19.4235668182373 19.784065246582 19.7429733276367 19.4214153289795 19.0213775634766 18.6804027557373 18.4322338104248 18.2709159851074 18.2000503540039 18.2243537902832 18.3206310272217 18.4649658203125 18.6606960296631 18.969409942627 19.4352626800537 19.9991073608398
-9999 -9999 -9999 -9999 -9999 -9999 -9999 -9999 -9999 -9999 -9999 -9999 -9999 -9999 -9999 -9999 -9999 -9999 -9999 -9999 -9999 -9999 -9999 -9999 -9999 -9999 14.2985134124756 14.4062309265137 14.5551567077637 14.7949180603027 15.0589590072632 15.4060068130493 15.7931385040283 16.2793750762939 16.8747863769531 17.5604686737061 18.2515678405762 18.7904319763184 19.0387420654297 18.9744606018066 18.7213973999023 18.4437599182129 18.2311954498291 18.0872669219971 17.9975528717041 17.9732131958008 18.0366840362549 18.182653427124 18.3848743438721 18.6178035736084 18.9251956939697 19.3673973083496 19.9217262268066
