surface_temp_2018.asc
ncols 121 
nrows 81 
xllcorner 7.95 
yllcorner 37.95 
cellsize 0.1 
NODATA_value -9999 
[rows 46 to 68 of 81, columns 53 to 105 of 121]
-9999 -9999 -9999 -9999 -9999 -9999 -9999 -9999 -9999 -9999 -9999 -9999 -9999 -9999 -9999 -9999 -9999 -9999 -9999 -9999 -9999 -9999 -9999 -9999 -9999 -9999 -9999 14.2932996749878 14.4399223327637 14.6945466995239 14.9658193588257 15.3295230865479 15.7457294464111 16.1863880157471 16.649787902832 17.2407875061035 17.8270568847656 18.3060874938965 18.5997352600098 18.6920108795166 18.648889541626 18.541690826416 18.398063659668 18.2223567962646 18.063720703125 17.9997501373291 18.0815582275391 18.2904357910156 18.5672607421875 18.8572101593018 19.1789207458496 19.5905876159668 20.0917282104492
-9999 -9999 -9999 -9999 -9999 -9999 -9999 -9999 -9999 -9999 -9999 -9999 -9999 -9999 -9999 -9999 -9999 -9999 -9999 -9999 -9999 -9999 -9999 -9999 -9999 -9999 -9999 -9999 -9999 -9999 -9999 -9999 -9999 16.1439666748047 16.6763648986816 17.2660388946533 17.8068885803223 18.3608016967773 18.8424282073975 19.2049770355225 19.4132232666016 19.4232730865479 19.2114295959473 18.8309669494629 18.4603023529053 18.2973327636719 18.4188499450684 18.7402534484863 19.1030921936035 19.4133682250977 19.6830310821533 19.9997615814209 20.3858051300049
18.4843196868896 18.4843196868896 18.4843196868896 18.4843196868896 18.4843196868896 18.4843196868896 -9999 -9999 -9999 -9999 -9999 -9999 -9999 -9999 -9999 -9999 -9999 -9999 -9999 -9999 -9999 -9999 -9999 -9999 -9999 -9999 -9999 -9999 -9999 -9999 -9999 -9999 -9999 -9999 -9999 17.5735206604004 18.162670135498 18.8714637756348 19.6447238922119 20.3459224700928 20.7415866851807 20.7357006072998 20.3048248291016 19.60910987854 18.9652938842773 18.6923942565918 18.8736915588379 19.3307819366455 19.7725696563721 20.0598278045654 20.2234210968018 20.4157123565674 20.6865997314453
18.4843196868896 18.4843196868896 18.4843196868896 18.4843196868896 18.4843196868896 18.4843196868896 -9999 -9999 -9999 -9999 -9999 -9999 -9999 -9999 -9999 -9999 -9999 -9999 -9999 -9999 -9999 -9999 -9999 -9999 -9999 -9999 -9999 -9999 -9999 -9999 -9999 -9999 -9999 -9999 -9999 -9999 18.4870986938477 19.235631942749 20.5477848052979 21.544002532959 21.9739551544189 21.7882137298584 21.0548820495605 20.0712833404541 19.2116775512695 18.8409748077393 19.0404777526855 19.5727958679199 20.0536861419678 20.3170204162598 20.431770324707 20.6127243041992 20.9111633300781
18.4843196868896 18.4843196868896 18.4843196868896 18.4843196868896 18.4843196868896 18.4843196868896 18.4843196868896 -9999 -9999 -9999 -9999 -9999 -9999 -9999 -9999 -9999 -9999 -9999 -9999 -9999 -9999 -9999 -9999 -9999 -9999 -9999 -9999 -9999 -9999 -9999 -9999 -9999 -9999 -9999 -9999 -9999 -9999 -9999 -9999 22.2963047027588 22.5935134887695 22.1264591217041 21.0936546325684 19.9897022247314 18.9087982177734 18.3983306884766 18.4905948638916 18.9435844421387 19.3888053894043 19.6881561279297 19.9428310394287 20.3573303222656 20.9271011352539
18.4843196868896 18.4843196868896 18.4843196868896 18.4843196868896 18.4843196868896 18.4843196868896 18.4843196868896 -9999 -9999 -9999 -9999 -9999 -9999 -9999 -9999 -9999 -9999 -9999 -9999 -9999 -9999 -9999 -9999 -9999 -9999 -9999 -9999 -9999 -9999 -9999 -9999 -9999 -9999 -9999 -9999 -9999 -9999 -9999 -9999 -9999 -9999 -9999 20.9085712432861 19.347225189209 18.0270481109619 17.352108001709 17.2468776702881 17.511812210083 17.8908557891846 18.2964210510254 18.8397846221924 19.6500205993652 20.6291122436523
18.4843196868896 18.4843196868896 18.4843196868896 18.4843196868896 18.4843196868896 18.4843196868896 18.4843196868896 18.4843196868896 18.4843196868896 18.4843196868896 18.4843196868896 -9999 -9999 -9999 -9999 -9999 -9999 -9999 -9999 -9999 -9999 -9999 -9999 -9999 -9999 -9999 -9999 -9999 -9999 -9999 -9999 -9999 -9999 -9999 -9999 -9999 -9999 -9999 -9999 -9999 -9999 -9999 -9999 -9999 16.9313526153564 16.1590747833252 15.7991609573364 15.8664665222168 16.201021194458 16.7660903930664 17.645263671875 18.8428153991699 20.1715488433838
18.4843196868896 18.4843196868896 18.4843196868896 18.4843196868896 18.4843196868896 18.4843196868896 18.4843196868896 18.4843196868896 18.4843196868896 18.4843196868896 18.4843196868896 18.4843196868896 -9999 -9999 -9999 -9999 -9999 -9999 -9999 -9999 -9999 -9999 -9999 -9999 -9999 -9999 -9999 -9999 -9999 -9999 -9999 -9999 -9999 -9999 -9999 -9999 -9999 -9999 -9999 -9999 -9999 -9999 -9999 -9999 -9999 15.388689994812 14.8425989151001 14.7162446975708 14.9658889770508 15.6892080307007 16.822078704834 18.2303619384766 19.6966953277588
18.4843196868896 18.4843196868896 18.4843196868896 18.4843196868896 18.4843196868896 18.4843196868896 18.4843196868896 18.4843196868896 18.4843196868896 18.4843196868896 18.4843196868896 18.4843196868896 18.4843196868896 18.4843196868896 18.4843196868896 -9999 -9999 -9999 -9999 -9999 -9999 -9999 -9999 -9999 -9999 -9999 -9999 -9999 -9999 -9999 -9999 -9999 -9999 -9999 -9999 -9999 -9999 -9999 -9999 -9999 -9999 -9999 -9999 -9999 -9999 -9999 -9999 14.1602535247803 14.5539541244507 15.4442052841187 16.6107196807861 17.9765739440918 19.3523139953613
18.4843196868896 18.4843196868896 18.4843196868896 18.4843196868896 18.4843196868896 18.4843196868896 18.4843196868896 18.4843196868896 18.4843196868896 18.4843196868896 18.4843196868896 18.4843196868896 18.4843196868896 18.4843196868896 18.4843196868896 18.4843196868896 18.4843196868896 -9999 -9999 -9999 -9999 -9999 -9999 -9999 -9999 -9999 -9999 -9999 -9999 -9999 -9999 -9999 -9999 -9999 -9999 -9999 -9999 21.9389533996582 21.9387264251709 -9999 -9999 -9999 -9999 -9999 -9999 -9999 -9999 -9999 -9999 15.4304170608521 16.8700313568115 18.1161842346191 19.1467170715332
18.4843196868896 18.4843196868896 18.4843196868896 18.4843196868896 18.4843196868896 18.4843196868896 18.4843196868896 18.4843196868896 18.4843196868896 18.4843196868896 18.4843196868896 18.4843196868896 18.4843196868896 18.4843196868896 18.4843196868896 18.4843196868896 18.4843196868896 -9999 -9999 -9999 -9999 -9999 -9999 -9999 -9999 -9999 -9999 -9999 -9999 -9999 -9999 -9999 -9999 -9999 -9999 -9999 21.9428997039795 21.9404792785645 21.9401073455811 21.9404487609863 21.941104888916 21.9412231445312 -9999 -9999 -9999 -9999 -9999 -9999 -9999 -9999 -9999 18.4938640594482 19.1163711547852
18.4843196868896 18.4843196868896 18.4843196868896 18.4843196868896 18.4843196868896 18.4843196868896 18.4843196868896 18.4843196868896 18.4843196868896 18.4843196868896 18.4843196868896 18.4843196868896 18.4843196868896 18.4843196868896 18.4843196868896 18.4843196868896 18.4843196868896 -9999 -9999 -9999 -9999 -9999 -9999 -9999 -9999 -9999 -9999 -9999 -9999 -9999 -9999 -9999 -9999 -9999 -9999 21.9420375823975 21.9461898803711 21.9434108734131 21.9429302215576 21.9428195953369 21.9428825378418 21.9433784484863 -9999 -9999 -9999 -9999 -9999 -9999 -9999 -9999 -9999 18.9817924499512 19.1915531158447
18.4843196868896 18.4843196868896 18.4843196868896 18.4843196868896 18.4843196868896 18.4843196868896 18.4843196868896 18.4843196868896 18.4843196868896 18.4843196868896 18.4843196868896 18.4843196868896 18.4843196868896 18.4843196868896 18.4843196868896 18.4843196868896 18.4843196868896 -9999 -9999 -9999 -9999 -9999 -9999 -9999 -9999 -9999 -9999 -9999 -9999 -9999 -9999 -9999 -9999 -9999 21.9481067657471 21.948184967041 21.9503383636475 21.9477386474609 21.9473419189453 21.9470825195312 21.946870803833 21.9470195770264 21.9468688964844 21.9458675384521 21.9436492919922 21.9418048858643 -9999 -9999 -9999 -9999 -9999 19.0870151519775 19.3924999237061
18.4843196868896 18.4843196868896 18.4843196868896 18.4843196868896 18.4843196868896 18.4843196868896 18.4843196868896 18.4843196868896 18.4843196868896 18.4843196868896 18.4843196868896 18.4843196868896 18.4843196868896 18.4843196868896 18.4843196868896 18.4843196868896 18.4843196868896 18.4843196868896 18.4843196868896 -9999 -9999 -9999 -9999 -9999 -9999 -9999 -9999 -9999 -9999 -9999 -9999 -9999 -9999 -9999 21.950704574585 21.9515113830566 21.9542579650879 21.9529724121094 21.9529247283936 21.9527835845947 21.9524040222168 21.9515781402588 21.9501094818115 21.9477272033691 21.9445991516113 21.9412822723389 21.9392490386963 -9999 -9999 -9999 -9999 -9999 -9999
18.4843196868896 18.4843196868896 18.4843196868896 18.4843196868896 18.4843196868896 18.4843196868896 18.4843196868896 18.4843196868896 18.4843196868896 18.4843196868896 18.4843196868896 18.4843196868896 18.4843196868896 18.4843196868896 18.4843196868896 18.4843196868896 18.4843196868896 18.4843196868896 18.4843196868896 18.4843196868896 18.4843196868896 18.4843196868896 18.4843196868896 18.4843196868896 -9999 -9999 -9999 -9999 -9999 -9999 -9999 -9999 -9999 -9999 21.9599094390869 21.9593467712402 21.9588184356689 21.9587898254395 21.9592685699463 21.9594688415527 21.959114074707 21.9579315185547 21.9556427001953 21.9519996643066 21.9469203948975 21.9403686523438 21.9315853118896 -9999 -9999 -9999 -9999 -9999 20.8985500335693
18.4843196868896 18.4843196868896 18.4843196868896 18.4843196868896 18.4843196868896 18.4843196868896 18.4843196868896 18.4843196868896 18.4843196868896 18.4843196868896 18.4843196868896 18.4843196868896 18.4843196868896 18.4843196868896 18.4843196868896 18.4843196868896 18.4843196868896 18.4843196868896 18.4843196868896 18.4843196868896 18.4843196868896 18.4843196868896 18.4843196868896 18.4843196868896 18.4843196868896 -9999 -9999 -9999 -9999 -9999 -9999 -9999 -9999 -9999 21.9626045227051 21.9625701904297 21.9635200500488 21.9647769927979 21.9659252166748 21.9666404724121 21.9666061401367 21.965461730957 21.9627933502197 21.9581108093262 21.9508857727051 21.9404106140137 21.9252128601074 21.9037322998047 -9999 -9999 -9999 21.2724189758301 21.1960582733154
18.4843196868896 18.4843196868896 18.4843196868896 18.4843196868896 18.4843196868896 18.4843196868896 18.4843196868896 18.4843196868896 18.4843196868896 18.4843196868896 18.4843196868896 18.4843196868896 18.4843196868896 18.4843196868896 18.4843196868896 18.4843196868896 18.4843196868896 18.4843196868896 18.4843196868896 18.4843196868896 18.4843196868896 18.4843196868896 18.4843196868896 18.4843196868896 18.4843196868896 -9999 -9999 -9999 -9999 -9999 -9999 -9999 -9999 21.9653854370117 21.9657573699951 21.9666500091553 21.968542098999 21.9706192016602 21.9724464416504 21.9737319946289 21.9741859436035 21.9733924865723 21.9708061218262 21.9656963348389 21.9571170806885 21.943790435791 21.9235649108887 21.8974170684814 21.8545017242432 21.7787570953369 21.6208992004395 21.4988098144531 21.4457244873047
18.4843196868896 18.4843196868896 18.4843196868896 18.4843196868896 18.4843196868896 18.4843196868896 18.4843196868896 18.4843196868896 18.4843196868896 18.4843196868896 18.4843196868896 18.4843196868896 18.4843196868896 18.4843196868896 18.4843196868896 18.4843196868896 18.4843196868896 18.4843196868896 18.4843196868896 18.4843196868896 18.4843196868896 18.4843196868896 18.4843196868896 18.4843196868896 18.4843196868896 18.4843196868896 -9999 -9999 -9999 -9999 -9999 -9999 -9999 21.9661140441895 21.9668560028076 21.9698925018311 21.9731559753418 21.9760570526123 21.9784564971924 21.9802398681641 21.9811897277832 21.9809246063232 21.9788513183594 21.9741439819336 21.9657173156738 21.9522838592529 21.9323596954346 21.904125213623 21.8659915924072 21.8140163421631 21.7478141784668 21.6913909912109 21.6750392913818
18.4843196868896 18.4843196868896 18.4843196868896 18.4843196868896 18.4843196868896 18.4843196868896 18.4843196868896 18.4843196868896 18.4843196868896 18.4843196868896 18.4843196868896 18.4843196868896 18.4843196868896 18.4843196868896 18.4843196868896 18.4843196868896 18.4843196868896 18.4843196868896 18.4843196868896 18.4843196868896 18.4843196868896 18.4843196868896 18.4843196868896 18.4843196868896 18.4843196868896 18.4843196868896 -9999 -9999 -9999 -9999 -9999 -9999 -9999 -9999 -9999 -9999 21.9775428771973 21.9809074401855 21.9838371276855 21.9859294891357 21.9872627258301 21.9875259399414 21.9862174987793 21.9825859069824 21.9757251739502 21.9647121429443 21.9487934112549 21.9280128479004 21.9036636352539 21.8771686553955 21.8537311553955 21.8408145904541 21.8474769592285
18.4843196868896 18.4843196868896 18.4843196868896 18.4843196868896 18.4843196868896 18.4843196868896 18.4843196868896 18.4843196868896 18.4843196868896 18.4843196868896 18.4843196868896 18.4843196868896 18.4843196868896 18.4843196868896 18.4843196868896 18.4843196868896 18.4843196868896 18.4843196868896 18.4843196868896 18.4843196868896 18.4843196868896 18.4843196868896 18.4843196868896 18.4843196868896 18.4843196868896 18.4843196868896 -9999 -9999 -9999 -9999 -9999 -9999 -9999 -9999 -9999 -9999 -9999 21.9853839874268 21.988489151001 21.9909420013428 21.9924621582031 21.9931793212891 21.9927272796631 21.9905071258545 21.9859580993652 21.97873878479 21.9690189361572 21.9577655792236 21.9468002319336 21.9386291503906 21.9363079071045 21.9425678253174 21.9586009979248
18.4843196868896 18.4843196868896 18.4843196868896 18.4843196868896 18.4843196868896 18.4843196868896 18.4843196868896 18.4843196868896 18.4843196868896 18.4843196868896 18.4843196868896 18.4843196868896 18.4843196868896 18.4843196868896 18.4843196868896 18.4843196868896 18.4843196868896 18.4843196868896 18.4843196868896 18.4843196868896 18.4843196868896 18.4843196868896 18.4843196868896 18.4843196868896 18.4843196868896 18.4843196868896 18.4843196868896 -9999 -9999 -9999 -9999 -9999 -9999 -9999 -9999 -9999 -9999 -9999 21.9935703277588 21.9956245422363 21.9971504211426 21.9983043670654 21.998743057251 21.9980220794678 21.9958610534668 21.9923267364502 21.9880218505859 21.98415184021 21.9823780059814 21.9844245910645 21.9915161132812 22.0037212371826 22.0195274353027
18.4843196868896 18.4843196868896 18.4843196868896 18.4843196868896 18.4843196868896 18.4843196868896 18.4843196868896 18.4843196868896 18.4843196868896 18.4843196868896 18.4843196868896 18.4843196868896 18.4843196868896 18.4843196868896 18.4843196868896 18.4843196868896 18.4843196868896 18.4843196868896 18.4843196868896 18.4843196868896 18.4843196868896 18.4843196868896 18.4843196868896 18.4843196868896 18.4843196868896 18.4843196868896 18.4843196868896 -9999 -9999 -9999 -9999 -9999 -9999 -9999 -9999 -9999 -9999 -9999 21.9992485046387 22.0000305175781 22.001615524292 22.0032768249512 22.0046195983887 22.0053253173828 22.0052738189697 22.0046844482422 22.0042114257812 22.0048694610596 22.0077819824219 22.013786315918 22.0229644775391 22.0343284606934 22.0458965301514
18.4843196868896 18.4843196868896 18.4843196868896 18.4843196868896 18.4843196868896 18.4843196868896 18.4843196868896 18.4843196868896 18.4843196868896 18.4843196868896 18.4843196868896 18.4843196868896 18.4843196868896 18.4843196868896 18.4843196868896 18.4843196868896 18.4843196868896 18.4843196868896 18.4843196868896 18.4843196868896 18.4843196868896 18.4843196868896 18.4843196868896 18.4843196868896 18.4843196868896 18.4843196868896 18.4843196868896 -9999 -9999 -9999 -9999 -9999 -9999 -9999 -9999 -9999 -9999 -9999 22.0033283233643 22.0041923522949 22.0059623718262 22.0081062316895 22.0101928710938 22.012035369873 22.0135555267334 22.0149421691895 22.0166816711426 22.0194396972656 22.0238227844238 22.0300731658936 22.0377941131592 22.0458793640137 22.0527744293213
