.svn/pristine/d7/d7893051f25e56a362d41f1bb2ada24ead23c22f.svn-base
ncols         121
nrows         81
xllcorner     7.95
yllcorner     37.95
cellsize      0.1
NODATA_value  -9999
[rows 28 to 55 of 81, columns 0 to 62 of 121]
1.32406E-4 1.37439E-4 1.42998E-4 1.45248E-4 1.47964E-4 1.5063E-4 1.57312E-4 1.91317E-4 2.69434E-4 3.29122E-4 3.74629E-4 4.83811E-4 6.88608E-4 8.35634E-4 8.264E-4 6.78517E-4 5.03812E-4 3.58107E-4 2.50729E-4 1.70918E-4 1.1428E-4 7.80473E-5 5.48638E-5 4.01174E-5 3.08269E-5 2.48203E-5 -9999 -9999 -9999 -9999 -9999 -9999 -9999 -9999 -9999 -9999 -9999 -9999 -9999 -9999 -9999 -9999 -9999 -9999 -9999 -9999 -9999 -9999 -9999 -9999 -9999 -9999 -9999 -9999 -9999 -9999 -9999 -9999 1.28101E-1 1.35087E-1 1.44952E-1 1.55676E-1 1.67331E-1
1.10121E-4 1.17157E-4 1.23935E-4 1.27748E-4 1.31917E-4 1.36561E-4 1.44921E-4 1.66396E-4 2.11712E-4 2.76931E-4 3.7255E-4 6.12262E-4 9.51464E-4 1.15831E-3 1.15581E-3 1.00537E-3 8.04799E-4 6.09874E-4 4.6447E-4 3.31364E-4 2.32978E-4 1.6661E-4 1.22137E-4 9.21782E-5 7.28425E-5 6.04101E-5 -9999 -9999 -9999 -9999 -9999 -9999 -9999 -9999 -9999 -9999 -9999 -9999 -9999 -9999 -9999 -9999 -9999 -9999 -9999 -9999 -9999 -9999 -9999 -9999 -9999 -9999 -9999 -9999 -9999 -9999 -9999 -9999 -9999 1.26124E-1 1.35513E-1 1.45605E-1 1.5654E-1
9.48406E-5 1.02216E-4 1.08977E-4 1.14076E-4 1.1857E-4 1.26306E-4 1.4101E-4 1.68111E-4 2.29398E-4 3.52444E-4 4.40947E-4 6.89959E-4 1.25182E-3 1.60697E-3 1.58908E-3 1.45894E-3 1.23488E-3 9.83147E-4 7.76629E-4 5.81427E-4 4.29786E-4 3.19645E-4 2.41766E-4 1.86952E-4 1.51055E-4 1.28487E-4 -9999 -9999 -9999 -9999 -9999 -9999 -9999 -9999 -9999 -9999 -9999 -9999 -9999 -9999 -9999 -9999 -9999 -9999 -9999 -9999 -9999 -9999 -9999 -9999 -9999 -9999 -9999 -9999 -9999 -9999 -9999 -9999 -9999 1.17482E-1 1.26325E-1 1.35817E-1 1.46041E-1
8.41311E-5 9.11634E-5 9.82253E-5 1.04536E-4 1.10227E-4 1.24165E-4 1.52027E-4 1.96515E-4 3.28687E-4 5.90327E-4 7.68789E-4 9.54193E-4 1.37575E-3 1.99523E-3 -9999 2.08683E-3 1.78496E-3 1.45264E-3 1.17716E-3 9.36161E-4 7.20853E-4 5.53821E-4 4.29692E-4 3.40044E-4 2.78679E-4 2.38434E-4 2.15459E-4 2.07554E-4 -9999 -9999 -9999 -9999 -9999 -9999 -9999 -9999 -9999 -9999 -9999 -9999 -9999 -9999 -9999 -9999 -9999 -9999 -9999 -9999 -9999 -9999 -9999 -9999 -9999 -9999 -9999 -9999 -9999 -9999 -9999 -9999 1.17437E-1 1.26337E-1 1.35889E-1
7.70691E-5 8.46867E-5 9.19531E-5 9.88996E-5 1.10586E-4 1.56295E-4 2.47623E-4 3.68335E-4 5.95468E-4 9.60807E-4 1.39181E-3 1.72853E-3 1.93638E-3 2.37132E-3 -9999 2.92455E-3 2.49659E-3 2.05033E-3 1.66004E-3 1.37646E-3 1.1014E-3 8.66421E-4 -9999 -9999 -9999 3.93596E-4 3.56031E-4 3.42461E-4 -9999 -9999 -9999 -9999 -9999 -9999 -9999 -9999 -9999 -9999 -9999 -9999 -9999 -9999 -9999 -9999 -9999 -9999 -9999 -9999 -9999 -9999 -9999 -9999 -9999 -9999 -9999 -9999 -9999 -9999 -9999 -9999 1.08879E-1 1.17186E-1 1.26099E-1
7.33282E-5 8.22995E-5 8.991E-5 9.86818E-5 1.31989E-4 2.66631E-4 5.87103E-4 9.65147E-4 1.31137E-3 1.55887E-3 1.81112E-3 -9999 -9999 -9999 -9999 4.07746E-3 3.47965E-3 2.84083E-3 2.23654E-3 1.84303E-3 1.53558E-3 1.21557E-3 9.69654E-4 7.92297E-4 6.65721E-4 5.81073E-4 5.32566E-4 5.12877E-4 5.19918E-4 5.5628E-4 -9999 -9999 -9999 -9999 -9999 -9999 -9999 -9999 -9999 -9999 -9999 -9999 -9999 -9999 -9999 -9999 -9999 -9999 -9999 -9999 -9999 -9999 -9999 -9999 -9999 -9999 -9999 -9999 -9999 -9999 -9999 1.08403E-1 1.16713E-1
6.67822E-5 7.35586E-5 9.06036E-5 1.06036E-4 1.68579E-4 4.41234E-4 1.09135E-3 1.43101E-3 1.61495E-3 -9999 -9999 -9999 -9999 -9999 -9999 5.50731E-3 4.69505E-3 3.77923E-3 2.89909E-3 2.29266E-3 1.95519E-3 1.56292E-3 1.24867E-3 1.02962E-3 8.81371E-4 7.85677E-4 7.31175E-4 7.10082E-4 7.19828E-4 7.62262E-4 8.39941E-4 -9999 -9999 -9999 -9999 -9999 -9999 -9999 -9999 -9999 -9999 -9999 -9999 -9999 -9999 -9999 -9999 -9999 -9999 -9999 -9999 -9999 -9999 -9999 -9999 -9999 -9999 -9999 -9999 -9999 -9999 9.9989E-2 1.07734E-1
6.61676E-5 7.44036E-5 9.21397E-5 1.12112E-4 2.14459E-4 7.45827E-4 1.38144E-3 -9999 -9999 -9999 -9999 -9999 -9999 -9999 -9999 -9999 5.90334E-3 4.64187E-3 3.45279E-3 2.66564E-3 2.29321E-3 1.87642E-3 1.50965E-3 1.25435E-3 1.0904E-3 9.84739E-4 9.2792E-4 9.15281E-4 9.39796E-4 9.97315E-4 1.09151E-3 1.23558E-3 -9999 -9999 -9999 -9999 -9999 -9999 -9999 -9999 -9999 -9999 -9999 -9999 -9999 -9999 -9999 -9999 -9999 -9999 -9999 -9999 -9999 -9999 -9999 -9999 -9999 -9999 -9999 -9999 -9999 -9999 9.91761E-2
6.8897E-5 8.18205E-5 9.27781E-5 1.19528E-4 3.14576E-4 1.19227E-3 1.63017E-3 -9999 -9999 -9999 -9999 -9999 -9999 -9999 -9999 -9999 7.00429E-3 5.31293E-3 3.78798E-3 2.89258E-3 2.55938E-3 2.1266E-3 1.72103E-3 1.44596E-3 1.25613E-3 1.14274E-3 1.09934E-3 1.11985E-3 1.16714E-3 1.24452E-3 1.35342E-3 1.52299E-3 -9999 2.12871E-3 -9999 -9999 -9999 -9999 -9999 -9999 -9999 -9999 -9999 -9999 -9999 -9999 -9999 -9999 -9999 -9999 -9999 -9999 -9999 -9999 -9999 -9999 -9999 -9999 -9999 -9999 -9999 -9999 -9999
7.10741E-5 8.51876E-5 1.03981E-4 1.62059E-4 4.23975E-4 1.30052E-3 1.86149E-3 -9999 -9999 -9999 -9999 -9999 -9999 -9999 -9999 -9999 7.93948E-3 5.95052E-3 4.11943E-3 3.08366E-3 2.74598E-3 2.29538E-3 1.87319E-3 1.6047E-3 1.39898E-3 1.26616E-3 1.23358E-3 1.2813E-3 1.36059E-3 1.47451E-3 1.6025E-3 1.78776E-3 2.05317E-3 2.42248E-3 2.91563E-3 3.56701E-3 4.40623E-3 -9999 -9999 -9999 -9999 -9999 -9999 -9999 -9999 -9999 -9999 -9999 -9999 -9999 -9999 -9999 -9999 -9999 -9999 -9999 -9999 -9999 -9999 -9999 -9999 -9999 -9999
7.43159E-5 8.96221E-5 1.2514E-4 2.16629E-4 5.07467E-4 1.50953E-3 -9999 -9999 -9999 -9999 -9999 -9999 -9999 -9999 -9999 -9999 8.62587E-3 6.43381E-3 4.49785E-3 3.34137E-3 2.89905E-3 2.41566E-3 1.99607E-3 1.69937E-3 1.49753E-3 1.3703E-3 1.24604E-3 1.17255E-3 1.32304E-3 1.62256E-3 1.81681E-3 2.02746E-3 2.31455E-3 2.71513E-3 3.25142E-3 3.96353E-3 4.88988E-3 6.07245E-3 -9999 -9999 -9999 -9999 -9999 -9999 -9999 -9999 -9999 -9999 -9999 -9999 -9999 -9999 -9999 -9999 -9999 -9999 -9999 -9999 -9999 -9999 -9999 -9999 -9999
8.25267E-5 1.03971E-4 1.60115E-4 3.14939E-4 6.6529E-4 1.5734E-3 2.41688E-3 -9999 -9999 -9999 -9999 -9999 -9999 -9999 -9999 -9999 9.05899E-3 6.66661E-3 4.71079E-3 3.50542E-3 2.96945E-3 2.50193E-3 2.09891E-3 1.75236E-3 1.53396E-3 1.3797E-3 1.09038E-3 1.04457E-3 1.41909E-3 1.76959E-3 1.9669E-3 2.20215E-3 2.52151E-3 2.94374E-3 3.54447E-3 4.34875E-3 5.37005E-3 6.66975E-3 -9999 -9999 -9999 -9999 -9999 -9999 -9999 -9999 -9999 -9999 -9999 -9999 -9999 -9999 -9999 -9999 -9999 -9999 -9999 -9999 -9999 -9999 -9999 -9999 -9999
9.3619E-5 1.26779E-4 2.01324E-4 3.91244E-4 8.20284E-4 1.74536E-3 2.72057E-3 -9999 -9999 -9999 -9999 -9999 -9999 -9999 -9999 1.16053E-2 9.14371E-3 6.5787E-3 4.72032E-3 3.52429E-3 2.94537E-3 2.48788E-3 2.05085E-3 1.65315E-3 1.5407E-3 1.30167E-3 1.11763E-3 1.07579E-3 1.2134E-3 1.64283E-3 1.94121E-3 2.19554E-3 2.60685E-3 3.08132E-3 3.65175E-3 4.5529E-3 5.7661E-3 7.206E-3 9.04571E-3 1.14614E-2 -9999 -9999 -9999 -9999 -9999 -9999 -9999 -9999 -9999 -9999 -9999 -9999 -9999 -9999 -9999 -9999 -9999 -9999 -9999 -9999 -9999 -9999 -9999
9.20876E-5 1.27686E-4 2.65377E-4 5.56716E-4 1.16959E-3 2.30779E-3 3.13368E-3 3.82567E-3 -9999 -9999 -9999 -9999 -9999 -9999 -9999 1.15121E-2 8.69649E-3 6.22692E-3 4.52911E-3 3.44328E-3 2.82569E-3 2.36633E-3 1.9033E-3 1.58614E-3 1.46857E-3 1.12233E-3 1.27934E-3 1.04479E-3 1.10535E-3 1.43008E-3 1.6645E-3 2.00496E-3 2.38395E-3 2.85575E-3 3.57628E-3 4.5656E-3 5.81469E-3 7.5022E-3 9.64792E-3 1.22944E-2 1.57246E-2 2.02409E-2 -9999 -9999 -9999 -9999 -9999 -9999 -9999 -9999 -9999 -9999 -9999 -9999 -9999 -9999 -9999 -9999 -9999 -9999 -9999 -9999 -9999
1.03378E-4 1.57983E-4 3.32176E-4 6.63387E-4 1.29944E-3 2.2112E-3 3.2261E-3 4.36525E-3 -9999 -9999 -9999 -9999 -9999 -9999 -9999 1.08629E-2 7.97669E-3 5.91999E-3 4.46396E-3 3.48873E-3 2.86889E-3 2.37713E-3 1.89373E-3 1.56298E-3 1.40439E-3 1.11656E-3 1.31654E-3 9.11627E-4 1.08889E-3 1.24529E-3 1.63283E-3 2.16676E-3 2.45911E-3 2.8154E-3 3.74845E-3 4.90564E-3 5.59552E-3 7.05156E-3 9.62493E-3 1.27541E-2 1.67243E-2 2.1604E-2 2.78764E-2 -9999 -9999 -9999 -9999 -9999 -9999 -9999 -9999 -9999 -9999 -9999 -9999 -9999 -9999 -9999 -9999 -9999 -9999 -9999 -9999
1.34948E-4 1.99842E-4 3.24927E-4 5.63648E-4 9.86739E-4 1.93038E-3 3.54714E-3 4.98297E-3 6.1842E-3 -9999 -9999 -9999 -9999 -9999 1.31408E-2 1.04075E-2 7.64548E-3 5.77546E-3 4.48882E-3 3.67506E-3 3.03896E-3 2.40928E-3 1.78509E-3 1.62692E-3 1.62779E-3 1.26556E-3 1.26132E-3 1.11036E-3 1.31635E-3 1.23604E-3 1.80309E-3 2.4148E-3 2.54416E-3 2.95299E-3 3.89361E-3 5.26794E-3 5.9617E-3 6.66717E-3 9.19605E-3 1.22968E-2 1.70768E-2 2.28192E-2 2.95396E-2 3.80513E-2 -9999 -9999 -9999 -9999 -9999 -9999 -9999 -9999 -9999 -9999 -9999 -9999 -9999 -9999 -9999 -9999 -9999 -9999 -9999
1.55169E-4 2.44228E-4 3.7599E-4 6.45568E-4 1.12822E-3 1.99715E-3 3.43684E-3 5.40865E-3 7.11271E-3 -9999 -9999 -9999 -9999 -9999 1.27025E-2 1.04947E-2 7.91621E-3 5.96523E-3 4.56212E-3 3.79094E-3 3.18144E-3 2.48321E-3 1.79051E-3 1.64735E-3 1.69267E-3 1.19957E-3 1.27684E-3 1.53636E-3 1.66009E-3 1.5445E-3 1.74706E-3 2.31163E-3 2.77057E-3 3.45716E-3 4.20411E-3 5.067E-3 5.79967E-3 6.25827E-3 8.52237E-3 1.19054E-2 1.64117E-2 2.33621E-2 3.09372E-2 3.98143E-2 5.10323E-2 -9999 -9999 -9999 -9999 -9999 -9999 -9999 -9999 -9999 -9999 -9999 -9999 -9999 -9999 -9999 -9999 -9999 -9999
1.8754E-4 2.88277E-4 4.34635E-4 6.90838E-4 1.46815E-3 2.56446E-3 3.92886E-3 6.07142E-3 8.06764E-3 9.64644E-3 -9999 -9999 -9999 1.38485E-2 1.22866E-2 1.03728E-2 8.18104E-3 6.18174E-3 4.67016E-3 3.68252E-3 3.09154E-3 2.55832E-3 1.90747E-3 1.55257E-3 1.58508E-3 1.14248E-3 1.17419E-3 1.43928E-3 1.673E-3 1.98268E-3 2.05976E-3 2.46889E-3 3.19677E-3 3.96098E-3 4.72527E-3 4.91352E-3 5.23177E-3 6.4684E-3 8.19388E-3 1.19219E-2 1.62558E-2 2.32091E-2 3.16927E-2 4.11346E-2 5.2489E-2 6.67636E-2 -9999 -9999 -9999 -9999 -9999 -9999 -9999 -9999 -9999 -9999 -9999 -9999 -9999 -9999 -9999 -9999 -9999
2.29288E-4 3.459E-4 5.33845E-4 8.24023E-4 1.71252E-3 3.31274E-3 5.08057E-3 7.24529E-3 9.21337E-3 1.07462E-2 1.21914E-2 1.34041E-2 -9999 1.33671E-2 1.18622E-2 1.00458E-2 8.20465E-3 6.3454E-3 4.80011E-3 3.70147E-3 2.95947E-3 2.30681E-3 1.74754E-3 1.61341E-3 1.62066E-3 1.05728E-3 1.13698E-3 1.33359E-3 1.39418E-3 1.83332E-3 2.22291E-3 2.32692E-3 2.96968E-3 3.97242E-3 4.63929E-3 4.71107E-3 5.21105E-3 7.0291E-3 7.77919E-3 1.15648E-2 1.84057E-2 2.4494E-2 3.09515E-2 4.14591E-2 5.33094E-2 6.75176E-2 8.48868E-2 1.05582E-1 1.29675E-1 -9999 -9999 -9999 -9999 -9999 -9999 -9999 -9999 -9999 -9999 -9999 -9999 -9999 -9999
2.93743E-4 4.5426E-4 7.69207E-4 1.22729E-3 2.07007E-3 3.96399E-3 6.3607E-3 8.54703E-3 1.04227E-2 1.19049E-2 1.31997E-2 1.40559E-2 1.41463E-2 1.3112E-2 1.14516E-2 9.60693E-3 7.89467E-3 6.30922E-3 4.89551E-3 3.83366E-3 2.98614E-3 2.11259E-3 1.56957E-3 1.4938E-3 1.3508E-3 9.35694E-4 1.19274E-3 1.29813E-3 1.19676E-3 1.67652E-3 2.34501E-3 2.16987E-3 2.50773E-3 3.73434E-3 4.08904E-3 4.57078E-3 5.59525E-3 7.20341E-3 7.3623E-3 8.89319E-3 1.76342E-2 2.32676E-2 2.67667E-2 3.8749E-2 5.24797E-2 6.73844E-2 8.44536E-2 1.04452E-1 1.27573E-1 1.53575E-1 1.82177E-1 -9999 -9999 -9999 -9999 -9999 -9999 -9999 -9999 -9999 -9999 -9999 -9999
5.64554E-4 1.34074E-3 2.7443E-3 4.16477E-3 5.4144E-3 6.54521E-3 7.73549E-3 9.73437E-3 1.17489E-2 1.32338E-2 1.43849E-2 1.49422E-2 -9999 -9999 -9999 9.09604E-3 7.42975E-3 6.0461E-3 4.91379E-3 3.89235E-3 3.01468E-3 2.16312E-3 1.49763E-3 1.34658E-3 1.35272E-3 1.09847E-3 1.00674E-3 9.71138E-4 1.16862E-3 1.93423E-3 2.41057E-3 2.40396E-3 2.45733E-3 3.38566E-3 3.51817E-3 3.97338E-3 5.15605E-3 6.27256E-3 6.3988E-3 6.95186E-3 1.24825E-2 1.6077E-2 2.11744E-2 3.16746E-2 4.44169E-2 6.437E-2 8.21315E-2 1.01407E-1 1.24177E-1 1.49027E-1 1.75935E-1 2.04199E-1 2.32297E-1 2.59371E-1 2.8497E-1 3.08316E-1 3.28392E-1 3.45569E-1 -9999 -9999 -9999 -9999 -9999
1.07927E-3 3.04668E-3 5.20447E-3 6.45931E-3 7.65844E-3 8.9032E-3 1.01071E-2 1.16627E-2 1.33525E-2 1.48289E-2 -9999 -9999 -9999 -9999 -9999 -9999 6.88872E-3 5.62054E-3 4.62827E-3 3.74623E-3 2.90017E-3 2.08027E-3 1.4184E-3 1.17627E-3 1.10169E-3 9.56398E-4 9.1889E-4 1.0815E-3 1.65651E-3 2.37195E-3 2.40508E-3 2.20953E-3 2.24444E-3 2.68713E-3 2.79811E-3 2.81866E-3 3.60799E-3 5.29403E-3 5.6464E-3 6.8226E-3 9.67423E-3 1.15502E-2 1.37878E-2 2.14919E-2 2.93457E-2 5.29776E-2 7.69416E-2 9.59308E-2 1.1661E-1 1.41568E-1 1.68476E-1 1.94794E-1 2.20738E-1 2.4561E-1 2.68832E-1 2.90053E-1 3.08719E-1 3.24649E-1 3.37327E-1 -9999 -9999 -9999 -9999
1.93875E-3 4.7485E-3 6.50724E-3 7.79652E-3 9.20042E-3 1.07149E-2 1.22706E-2 1.3853E-2 1.53808E-2 -9999 -9999 -9999 -9999 -9999 -9999 -9999 6.2936E-3 5.1555E-3 4.28306E-3 3.53533E-3 2.7488E-3 1.86408E-3 1.31767E-3 1.11865E-3 1.22411E-3 8.76679E-4 5.54465E-4 1.03224E-3 1.75763E-3 1.48593E-3 1.3681E-3 1.98392E-3 2.23969E-3 1.79406E-3 1.6727E-3 2.01027E-3 2.88952E-3 4.70929E-3 5.00556E-3 5.90285E-3 8.15099E-3 1.04795E-2 1.10516E-2 1.52664E-2 2.12357E-2 3.93226E-2 6.7123E-2 9.27454E-2 1.14036E-1 1.35779E-1 1.611E-1 1.84926E-1 2.0639E-1 2.27191E-1 2.47881E-1 2.67227E-1 2.84479E-1 3.02278E-1 3.14532E-1 3.21482E-1 -9999 -9999 -9999
3.17737E-3 6.23116E-3 7.86831E-3 9.40694E-3 1.10635E-2 1.28197E-2 1.46038E-2 -9999 -9999 -9999 -9999 -9999 -9999 -9999 -9999 -9999 -9999 4.69172E-3 3.93941E-3 3.33118E-3 2.5889E-3 1.69524E-3 1.34876E-3 1.31251E-3 1.5004E-3 8.38063E-4 4.88305E-4 7.99743E-4 1.38751E-3 1.14137E-3 1.19715E-3 1.44433E-3 1.21022E-3 1.02961E-3 1.24648E-3 1.60165E-3 2.28068E-3 4.3608E-3 4.99311E-3 5.44538E-3 7.69671E-3 8.8438E-3 9.91171E-3 1.15914E-2 1.43809E-2 2.04042E-2 3.90429E-2 7.67869E-2 1.07722E-1 1.30975E-1 1.52554E-1 1.7077E-1 1.82233E-1 2.0169E-1 2.24537E-1 2.38092E-1 2.47218E-1 2.68567E-1 2.87309E-1 2.96574E-1 2.96811E-1 -9999 -9999
5.37726E-3 7.64154E-3 -9999 -9999 -9999 -9999 -9999 -9999 -9999 -9999 -9999 -9999 -9999 -9999 -9999 -9999 -9999 4.24426E-3 3.60162E-3 3.06179E-3 2.37181E-3 1.6666E-3 1.72047E-3 1.72462E-3 1.16264E-3 6.54717E-4 6.22516E-4 6.06833E-4 8.90122E-4 1.00441E-3 1.27994E-3 9.04895E-4 6.2598E-4 7.82697E-4 1.21319E-3 1.34981E-3 1.98063E-3 4.93612E-3 4.76556E-3 4.39404E-3 6.28116E-3 5.8395E-3 7.0587E-3 8.49018E-3 8.70309E-3 7.64695E-3 1.37078E-2 2.56591E-2 4.22931E-2 7.89689E-2 1.19186E-1 1.50609E-1 1.62841E-1 1.85994E-1 2.18477E-1 2.29384E-1 2.23621E-1 2.36063E-1 2.59477E-1 2.72359E-1 2.70556E-1 2.623E-1 2.47933E-1
6.80821E-3 8.86826E-3 -9999 -9999 -9999 -9999 -9999 -9999 -9999 -9999 -9999 -9999 -9999 -9999 -9999 -9999 -9999 -9999 3.29501E-3 2.81578E-3 2.21979E-3 1.53013E-3 1.9311E-3 1.8021E-3 8.82766E-4 8.81453E-4 8.16018E-4 4.8847E-4 5.42613E-4 8.28011E-4 8.52131E-4 5.28896E-4 4.278E-4 5.70869E-4 8.80121E-4 1.3963E-3 2.57112E-3 4.13031E-3 3.69148E-3 3.1955E-3 3.54121E-3 2.32947E-3 2.91999E-3 4.96282E-3 4.90321E-3 3.96831E-3 4.21848E-3 4.7499E-3 4.99875E-3 1.90263E-2 4.5458E-2 7.01618E-2 1.0588E-1 1.48947E-1 1.86111E-1 2.01283E-1 1.97706E-1 2.1044E-1 2.343E-1 2.46223E-1 2.42192E-1 2.32061E-1 2.18703E-1
7.58834E-3 9.85579E-3 -9999 -9999 -9999 -9999 -9999 -9999 -9999 -9999 -9999 -9999 -9999 -9999 -9999 -9999 -9999 -9999 3.07209E-3 2.74608E-3 2.30644E-3 1.3581E-3 1.63188E-3 1.52566E-3 1.00501E-3 1.20726E-3 9.30441E-4 4.84902E-4 3.97055E-4 4.9733E-4 4.09524E-4 3.36016E-4 3.64448E-4 4.87056E-4 6.45094E-4 1.2059E-3 1.70809E-3 1.99666E-3 2.31739E-3 2.46745E-3 1.9707E-3 1.18477E-3 1.38357E-3 2.47992E-3 2.64257E-3 2.81052E-3 2.6679E-3 2.38709E-3 2.26755E-3 1.02524E-2 1.75799E-2 1.82191E-2 5.36187E-2 8.9548E-2 1.09685E-1 1.42969E-1 1.64518E-1 1.72127E-1 1.83895E-1 1.95886E-1 2.07775E-1 1.98607E-1 1.9209E-1
7.99389E-3 1.04258E-2 1.36719E-2 1.80776E-2 -9999 -9999 -9999 -9999 -9999 -9999 -9999 -9999 -9999 -9999 -9999 -9999 -9999 -9999 -9999 2.68857E-3 2.22849E-3 1.21736E-3 1.31768E-3 1.54073E-3 9.47899E-4 8.33862E-4 8.70796E-4 6.88792E-4 4.01902E-4 3.26753E-4 3.40907E-4 3.28651E-4 3.78901E-4 4.74985E-4 5.97111E-4 9.06457E-4 1.48055E-3 2.45671E-3 2.18541E-3 1.90119E-3 1.49658E-3 1.09667E-3 1.17173E-3 1.81731E-3 1.80913E-3 2.53042E-3 2.11942E-3 1.59282E-3 2.04286E-3 5.04636E-3 7.50026E-3 1.11763E-2 3.27648E-2 5.10227E-2 5.72072E-2 8.27725E-2 1.2263E-1 1.44119E-1 1.54265E-1 1.68408E-1 1.70463E-1 1.52461E-1 1.4956E-1
