.svn/pristine/cb/cbc8cdcf12e5f470ea2587f09e560e3e3506dd26.svn-base
ncols        121
nrows        81
xllcorner    7.950000000000
yllcorner    37.950000000000
cellsize     0.100000000000
NODATA_value  -9999
[rows 20 to 39 of 81, columns 46 to 91 of 121]
-9999 0.031855765730142593384 0.031875036656856536865 0.031894739717245101929 0.031914953142404556274 0.031935680657625198364 0.031956955790519714355 0.031978793442249298096 0.032001238316297531128 0.032024327665567398071 0.032048065215349197388 0.032072450965642929077 0.032097496092319488525 0.032123185694217681885 0.032149549573659896851 0.032176591455936431885 0.032204311341047286987 0.032232727855443954468 0.032261859625577926636 0.032291736453771591187 0.032322391867637634277 0.032353855669498443604 0.032386150211095809937 0.032419316470623016357 0.032453391700983047485 0.032488454133272171021 0.032524567097425460815 0.032561816275119781494 -9999 -9999 -9999 -9999 -9999 -9999 -9999 -9999 -9999 -9999 -9999 -9999 -9999 -9999 -9999 -9999 -9999 -9999
-9999 -9999 -9999 -9999 0.031917680054903030396 0.031938467174768447876 0.031959775835275650024 0.031981639564037322998 0.032004106789827346802 0.032027218490839004517 0.032050970941781997681 0.032075367867946624756 0.032100398093461990356 0.032126035541296005249 0.032152302563190460205 0.032179225236177444458 0.032206803560256958008 0.032235063612461090088 0.032264035195112228394 0.032293744385242462158 0.032324213534593582153 0.032355491071939468384 0.032387591898441314697 0.032420549541711807251 0.032454390078783035278 0.032489191740751266479 0.032524999231100082397 0.032561860978603363037 0.032599866390228271484 -9999 -9999 -9999 -9999 -9999 -9999 -9999 -9999 -9999 -9999 -9999 -9999 -9999 -9999 -9999 -9999 -9999
-9999 -9999 -9999 -9999 -9999 0.031941078603267669678 0.031962383538484573364 0.031984236091375350952 0.032006673514842987061 0.032029759138822555542 0.032053507864475250244 0.032077874988317489624 0.03210283815860748291 0.032128375023603439331 0.03215451166033744812 0.032181262969970703125 0.032208655029535293579 0.032236710190773010254 0.032265461981296539307 0.032294932752847671509 0.032325152307748794556 0.032356150448322296143 0.032387960702180862427 0.032420601695775985718 0.032454095780849456787 0.03248849138617515564 0.032523814588785171509 0.032560117542743682861 0.032597381621599197388 0.032635629177093505859 0.032674897462129592896 -9999 -9999 -9999 -9999 -9999 -9999 -9999 -9999 -9999 -9999 -9999 -9999 -9999 -9999 -9999
-9999 -9999 -9999 -9999 -9999 -9999 -9999 0.031986597925424575806 0.032008945941925048828 0.032031919807195663452 0.032055605202913284302 0.032079897820949554443 0.032104749232530593872 0.032130148261785507202 0.032156106084585189819 0.032182648777961730957 0.032209794968366622925 0.032237593084573745728 0.032266061753034591675 0.032295234501361846924 0.032325126230716705322 0.032355766743421554565 0.032387189567089080811 0.032419413328170776367 0.032452449202537536621 0.032486315816640853882 0.032521039247512817383 0.032556634396314620972 0.032593075186014175415 0.032630354166030883789 0.03266844525933265686 0.032707225531339645386 0.03274641185998916626 -9999 -9999 -9999 -9999 -9999 -9999 -9999 -9999 -9999 -9999 -9999 -9999 -9999
-9999 -9999 -9999 -9999 -9999 -9999 -9999 -9999 -9999 -9999 0.032057177275419235229 0.032081361860036849976 0.03210606798529624939 0.032131277024745941162 0.032157015055418014526 0.032183300703763961792 0.032210163772106170654 0.032237641513347625732 0.032265771180391311646 0.032294571399688720703 0.032324068248271942139 0.032354272902011871338 0.03238522261381149292 0.032416928559541702271 0.032449394464492797852 0.032482624053955078125 0.032516624778509140015 0.032551400363445281982 0.032586924731731414795 0.032623160630464553833 0.032660100609064102173 0.032697640359401702881 0.032735664397478103638 0.032774079591035842896 -9999 -9999 -9999 -9999 -9999 -9999 -9999 -9999 -9999 -9999 -9999 -9999
-9999 -9999 -9999 -9999 -9999 -9999 -9999 -9999 -9999 -9999 -9999 0.032082106918096542358 0.032106667757034301758 0.032131664454936981201 0.032157149165868759155 0.032183144241571426392 0.032209679484367370605 0.032236788421869277954 0.032264512032270431519 0.032292880117893218994 0.032321900129318237305 0.032351598143577575684 0.032381989061832427979 0.032413080334663391113 0.03244487568736076355 0.032477356493473052979 0.032510526478290557861 0.032544385641813278198 0.032578893005847930908 0.032614003866910934448 0.032649695873260498047 0.032685924321413040161 0.032722543925046920776 0.032759543508291244507 -9999 -9999 -9999 0.032904330641031265259 0.032936148345470428467 -9999 -9999 -9999 -9999 -9999 -9999 -9999
-9999 -9999 -9999 -9999 -9999 -9999 -9999 -9999 -9999 -9999 -9999 0.032081983983516693115 0.03210641816258430481 0.032131217420101165771 0.032156430184841156006 0.032182101160287857056 0.032208271324634552002 0.032234966754913330078 0.032262235879898071289 0.03229010850191116333 0.032318584620952606201 0.032347690314054489136 0.032377440482378005981 0.032407827675342559814 0.032438844442367553711 0.032470483332872390747 0.032502721995115280151 0.032535564154386520386 0.032568927854299545288 0.032602787017822265625 0.032637093216180801392 0.032671693712472915649 0.032706491649150848389 0.032741345465183258057 0.032776068896055221558 0.032810363918542861938 0.032843373715877532959 0.032875284552574157715 0.032905858010053634644 0.032935451716184616089 0.032964523881673812866 -9999 -9999 -9999 -9999 -9999
-9999 -9999 -9999 -9999 -9999 -9999 -9999 -9999 -9999 -9999 -9999 -9999 0.032105244696140289307 0.032129835337400436401 0.032154761254787445068 0.032180093228816986084 0.032205864787101745605 0.032232113182544708252 0.032258883118629455566 0.032286200672388076782 0.032314069569110870361 0.032342512160539627075 0.03237153962254524231 0.032401129603385925293 0.032431282103061676025 0.032461974769830703735 0.032493177801370620728 0.032524853944778442383 0.032556951045989990234 0.032589413225650787354 0.032622136175632476807 0.032654959708452224731 0.032687764614820480347 0.032720346003770828247 0.03275238722562789917 0.032783817499876022339 0.03281455114483833313 0.032844454050064086914 0.032873377203941345215 -9999 -9999 -9999 -9999 0.032988511025905609131 0.032994899898767471313 -9999
-9999 -9999 -9999 -9999 -9999 -9999 -9999 -9999 -9999 -9999 -9999 -9999 0.032103095203638076782 0.032127473503351211548 0.0321520976722240448 0.032177053391933441162 0.032202400267124176025 0.032228168100118637085 0.03225439414381980896 0.032281104475259780884 0.032308310270309448242 0.032336030155420303345 0.032364252954721450806 0.032392960041761398315 0.032422155141830444336 0.032451797276735305786 0.032481838017702102661 0.032512232661247253418 0.032542936503887176514 0.032573852688074111938 0.032604847103357315063 0.032635770738124847412 0.032666504383087158203 0.032696790993213653564 0.032726243138313293457 0.03275517001748085022 0.032783441245555877686 0.032810475677251815796 0.032836481928825378418 -9999 -9999 0.032903395593166351318 0.032914824783802032471 0.032922480255365371704 0.032926727086305618286 -9999
-9999 -9999 -9999 -9999 -9999 -9999 -9999 -9999 -9999 -9999 -9999 -9999 -9999 0.03212407231330871582 0.03214837983250617981 0.032172936946153640747 0.032197825610637664795 0.032223071902990341187 0.032248713076114654541 0.032274778932332992554 0.032301269471645355225 0.032328203320503234863 0.032355550676584243774 0.032383300364017486572 0.032411437481641769409 0.03243993222713470459 0.032468713819980621338 0.032497715204954147339 0.03252689167857170105 0.032556138932704925537 0.032585278153419494629 0.032614178955554962158 0.032642718404531478882 0.032670591026544570923 0.032697517424821853638 0.032723851501941680908 0.032749161124229431152 0.032772958278656005859 0.032795079052448272705 0.032814897596836090088 0.032830785959959030151 0.032842814922332763672 0.032850936055183410645 0.032855413854122161865 0.032856293022632598877 0.032853409647941589355
-9999 -9999 -9999 -9999 -9999 -9999 -9999 -9999 -9999 -9999 -9999 -9999 -9999 0.032119568437337875366 0.032143548130989074707 0.032167699187994003296 0.032192096114158630371 0.032216794788837432861 0.032241828739643096924 0.032267201691865921021 0.032292924821376800537 0.032318998128175735474 0.032345402985811233521 0.032372117042541503906 0.032399117946624755859 0.032426372170448303223 0.032453794032335281372 0.032481312751770019531 0.032508857548236846924 0.032536305487155914307 0.03256348147988319397 0.032590232789516448975 0.032616443932056427002 0.032641805708408355713 0.032666083425283432007 0.032689344137907028198 0.032711144536733627319 0.032731052488088607788 0.03274872899055480957 0.032763332128524780273 0.032774493098258972168 0.032781995832920074463 0.032785829156637191772 0.032786305993795394897 0.032783005386590957642 -9999
-9999 -9999 -9999 -9999 -9999 -9999 -9999 -9999 -9999 -9999 -9999 -9999 -9999 -9999 0.032137572765350341797 0.032161302864551544189 0.032185193151235580444 0.032209321856498718262 0.032233707606792449951 0.032258350402116775513 0.032283250242471694946 0.032308407127857208252 0.032333794981241226196 0.032359391450881958008 0.032385166734457015991 0.032411083579063415527 0.032437056303024291992 0.032462991774082183838 0.032488815486431121826 0.03251437842845916748 0.032539490610361099243 0.032563991844654083252 0.032587766647338867188 0.032610483467578887939 0.032631888985633850098 0.032651767134666442871 0.032669708132743835449 0.032685466110706329346 0.032698810100555419922 0.032708950340747833252 0.032715678215026855469 0.03271883353590965271 0.03271821141242980957 0.032713953405618667603 0.032705508172512054443 0.032692432403564453125
-9999 -9999 -9999 -9999 -9999 -9999 -9999 -9999 -9999 -9999 -9999 -9999 -9999 -9999 0.03213041648268699646 0.032153718173503875732 0.032177094370126724243 0.032200630754232406616 0.032224338501691818237 0.032248202711343765259 0.032272238284349441528 0.032296415418386459351 0.03232072293758392334 0.032345131039619445801 0.032369598746299743652 0.032394088804721832275 0.032418508082628250122 0.032442759722471237183 0.032466758042573928833 0.032490335404872894287 0.032513294368982315063 0.03253545612096786499 0.032556675374507904053 0.03257657960057258606 0.032594878226518630981 0.032611217349767684937 0.032625313848257064819 0.032636959105730056763 0.032645877450704574585 0.032651524990797042847 0.032653741538524627686 0.032652366906404495239 0.032647073268890380859 0.032637748867273330688 0.03262389451265335083 0.032605275511741638184
-9999 -9999 -9999 -9999 -9999 -9999 -9999 -9999 -9999 -9999 -9999 -9999 -9999 -9999 -9999 0.032144945114850997925 0.032167814671993255615 0.032190747559070587158 0.032213728874921798706 0.032236784696578979492 0.032259896397590637207 0.032283037900924682617 0.032306201756000518799 0.032329358160495758057 0.032352440059185028076 0.032375406473875045776 0.032398186624050140381 0.032420657575130462646 0.032442726194858551025 0.032464206218719482422 0.032484889030456542969 0.032504580914974212646 0.032523073256015777588 0.03253998979926109314 0.032555017620325088501 0.032567776739597320557 0.032577984035015106201 0.032585393637418746948 0.032589796930551528931 0.032590836286544799805 0.032588426023721694946 0.032582286745309829712 0.032572019845247268677 0.032557416707277297974 0.032537970691919326782 0.032513283193111419678
-9999 -9999 -9999 -9999 -9999 -9999 -9999 -9999 -9999 -9999 -9999 -9999 -9999 -9999 -9999 0.032135054469108581543 0.032157406210899353027 0.032179705798625946045 0.032201930880546569824 0.032224122434854507446 0.032246246933937072754 0.032268293201923370361 0.032290250062942504883 0.032312069088220596313 0.032333694398403167725 0.032355077564716339111 0.032376129180192947388 0.032396726310253143311 0.032416764646768569946 0.032436054199934005737 0.032454341650009155273 0.032471440732479095459 0.032487053424119949341 0.032500840723514556885 0.032512418925762176514 0.032521434128284454346 0.032527577131986618042 0.03253060951828956604 0.032530393451452255249 0.032526738941669464111 0.032519459724426269531 0.032508235424757003784 0.032492697238922119141 0.032472580671310424805 0.03244721144437789917 0.032415822148323059082
-9999 -9999 -9999 -9999 -9999 -9999 -9999 -9999 -9999 -9999 -9999 -9999 -9999 -9999 -9999 -9999 0.032145950943231582642 0.032167557626962661743 0.032188992947340011597 0.032210245728492736816 0.032231315970420837402 0.032252203673124313354 0.032272867858409881592 0.032293271273374557495 0.032313372939825057983 0.032333105802536010742 0.032352358102798461914 0.032371003180742263794 0.032388925552368164063 0.032405920326709747314 0.032421711832284927368 0.03243609890341758728 0.032448742538690567017 0.032459270209074020386 0.03246721997857093811 0.032472241669893264771 0.032474003732204437256 0.032472439110279083252 0.032467409968376159668 0.032458696514368057251 0.032446227967739105225 0.032429698854684829712 0.032408710569143295288 0.032382853329181671143 0.032351188361644744873 0.032312944531440734863
-9999 -9999 -9999 -9999 -9999 -9999 -9999 -9999 -9999 -9999 -9999 -9999 -9999 -9999 -9999 -9999 -9999 -9999 0.032174866646528244019 0.032195121049880981445 0.032215092331171035767 0.032234773039817810059 0.032254084944725036621 0.032273013144731521606 0.032291527837514877319 0.032309539616107940674 0.032326914370059967041 0.032343480736017227173 0.03235920146107673645 0.032373826950788497925 0.032387055456638336182 0.032398637384176254272 0.032408244907855987549 0.032415341585874557495 0.032419484108686447144 0.032420307397842407227 0.032417479902505874634 0.032410964369773864746 0.032400589436292648315 0.032386340200901031494 0.032368276268243789673 0.032346084713935852051 0.032319329679012298584 0.0322874411940574646 0.032249201089143753052 0.032204084098339080811
-9999 -9999 -9999 -9999 -9999 -9999 -9999 -9999 -9999 -9999 -9999 -9999 -9999 -9999 -9999 -9999 -9999 -9999 -9999 0.0321787223219871521 0.032197583466768264771 0.032216005027294158936 0.032233942300081253052 0.032251346856355667114 0.032268214970827102661 0.032284438610076904297 0.032299868762493133545 0.032314326614141464233 0.032327756285667419434 0.032339904457330703735 0.032350458204746246338 0.03235914185643196106 0.032365582883358001709 0.032369121909141540527 0.032369278371334075928 0.032365676015615463257 0.032357890158891677856 0.032345924526453018188 0.032329667359590530396 0.032309398055076599121 0.032285291701555252075 0.032256953418254852295 0.032223805785179138184 0.032185465097427368164 0.032140675932168960571 0.032088741660118103027
-9999 -9999 -9999 -9999 -9999 -9999 -9999 -9999 -9999 -9999 -9999 -9999 -9999 -9999 -9999 -9999 -9999 -9999 -9999 -9999 -9999 0.0321958884596824646 0.032212410122156143188 0.0322283133864402771 0.032243523746728897095 0.032257966697216033936 0.032271437346935272217 0.032283727079629898071 0.032294791191816329956 0.032304380089044570923 0.032312117516994476318 0.03231776505708694458 0.032320830971002578735 0.032320633530616760254 0.032316662371158599854 0.032308183610439300537 0.032294936478137969971 0.032276976853609085083 0.032254327088594436646 0.032227627933025360107 0.032197110354900360107 0.032162148505449295044 0.03212216496467590332 0.032077033072710037231 0.032025732100009918213 0.031967055052518844604
-9999 -9999 -9999 -9999 -9999 -9999 -9999 -9999 -9999 -9999 -9999 -9999 -9999 -9999 -9999 -9999 -9999 -9999 -9999 -9999 -9999 -9999 0.032189421355724334717 0.032203923910856246948 0.032217528671026229858 0.032230235636234283447 0.032241750508546829224 0.032251875847578048706 0.032260503619909286499 0.032267559319734573364 0.032272465527057647705 0.032274965196847915649 0.032274443656206130981 0.032270293682813644409 0.032261967658996582031 0.032248035073280334473 0.032228369265794754028 0.032203610986471176147 0.032174214720726013184 0.032141029834747314453 0.032103754580020904541 0.03206175193190574646 0.032014548778533935547 0.031962282955646514893 0.031904321163892745972 0.031838975846767425537
