.svn/pristine/da/da62b62531187510e0a873262c6f41d55bcda0ea.svn-base
ncols         121
nrows         81
xllcorner     7.95
yllcorner     37.95
cellsize      0.1
NODATA_value  -9999
[rows 28 to 55 of 81, columns 0 to 61 of 121]
1.12216E-20 1.26459E-20 1.50106E-20 1.28964E-20 1.24854E-20 1.1668E-20 1.73301E-20 2.68723E-19 4.05062E-17 9.1336E-16 9.91212E-15 1.06729E-12 9.20756E-10 1.70741E-7 3.46681E-6 7.58243E-6 1.16447E-5 6.62139E-6 1.26699E-5 1.66057E-5 2.30648E-5 2.76447E-5 3.46106E-5 4.50192E-5 3.88849E-5 3.14986E-5 -9999 -9999 -9999 -9999 -9999 -9999 -9999 -9999 -9999 -9999 -9999 -9999 -9999 -9999 -9999 -9999 -9999 -9999 -9999 -9999 -9999 -9999 -9999 -9999 -9999 -9999 -9999 -9999 -9999 -9999 -9999 -9999 1.41232E-1 1.53167E-1 2.08561E-1 2.80114E-1
4.40586E-21 6.26623E-21 8.49303E-21 8.626E-21 8.50519E-21 8.74863E-21 1.34036E-20 6.90661E-20 1.67239E-18 6.43469E-17 4.34053E-15 7.52698E-12 9.63427E-9 6.70197E-7 3.54295E-6 6.4852E-6 1.29424E-5 7.33804E-6 1.15299E-5 1.33174E-5 2.20128E-5 3.04739E-5 3.60237E-5 4.40482E-5 5.49167E-5 3.13125E-5 -9999 -9999 -9999 -9999 -9999 -9999 -9999 -9999 -9999 -9999 -9999 -9999 -9999 -9999 -9999 -9999 -9999 -9999 -9999 -9999 -9999 -9999 -9999 -9999 -9999 -9999 -9999 -9999 -9999 -9999 -9999 -9999 -9999 1.48812E-1 2.05833E-1 2.12304E-1
2.14908E-21 3.23643E-21 4.71871E-21 5.07338E-21 4.9749E-21 6.97883E-21 1.92428E-20 1.3787E-19 7.05175E-18 2.03262E-15 2.80721E-14 1.17579E-11 6.33686E-8 2.95289E-6 1.0162E-6 6.5286E-6 1.35426E-5 1.90787E-5 1.14639E-5 1.34834E-5 1.83981E-5 2.61662E-5 3.44063E-5 4.44951E-5 5.05765E-5 2.60417E-5 -9999 -9999 -9999 -9999 -9999 -9999 -9999 -9999 -9999 -9999 -9999 -9999 -9999 -9999 -9999 -9999 -9999 -9999 -9999 -9999 -9999 -9999 -9999 -9999 -9999 -9999 -9999 -9999 -9999 -9999 -9999 -9999 -9999 1.4044E-1 2.03998E-1 2.10934E-1
1.1637E-21 1.80514E-21 2.54165E-21 3.11632E-21 3.38367E-21 9.48512E-21 8.38471E-20 1.59885E-18 1.33027E-15 2.98392E-12 5.44616E-11 4.64125E-10 3.90791E-8 3.00918E-6 -9999 4.61832E-6 1.45296E-5 1.42251E-5 2.55743E-5 1.67867E-5 1.74059E-5 2.38353E-5 3.15867E-5 3.97711E-5 3.17016E-5 2.57803E-5 4.30913E-5 3.44957E-5 -9999 -9999 -9999 -9999 -9999 -9999 -9999 -9999 -9999 -9999 -9999 -9999 -9999 -9999 -9999 -9999 -9999 -9999 -9999 -9999 -9999 -9999 -9999 -9999 -9999 -9999 -9999 -9999 -9999 -9999 -9999 -9999 1.49628E-1 2.06825E-1
7.68702E-22 1.20288E-21 1.65903E-21 2.05097E-21 4.56375E-21 3.06057E-19 1.00792E-16 1.24175E-14 5.19433E-12 2.0459E-9 1.48624E-7 9.93208E-7 1.24383E-6 2.86978E-6 -9999 3.15261E-6 1.29056E-5 8.91286E-6 1.15017E-5 1.93287E-5 1.77333E-5 8.47578E-6 -9999 -9999 -9999 3.60804E-5 5.1388E-5 5.13523E-5 -9999 -9999 -9999 -9999 -9999 -9999 -9999 -9999 -9999 -9999 -9999 -9999 -9999 -9999 -9999 -9999 -9999 -9999 -9999 -9999 -9999 -9999 -9999 -9999 -9999 -9999 -9999 -9999 -9999 -9999 -9999 -9999 1.44785E-1 2.01787E-1
5.96602E-22 1.08644E-21 1.39367E-21 1.97142E-21 5.08246E-20 5.45162E-16 2.00651E-11 9.76443E-9 2.79142E-7 1.22671E-6 1.74485E-6 -9999 -9999 -9999 -9999 3.48531E-6 1.71736E-5 1.02555E-5 8.05963E-6 2.20043E-5 2.14863E-5 1.30163E-5 1.03391E-5 2.09974E-5 2.59852E-5 5.12747E-5 6.28507E-5 7.36531E-5 8.29384E-5 6.31742E-5 -9999 -9999 -9999 -9999 -9999 -9999 -9999 -9999 -9999 -9999 -9999 -9999 -9999 -9999 -9999 -9999 -9999 -9999 -9999 -9999 -9999 -9999 -9999 -9999 -9999 -9999 -9999 -9999 -9999 -9999 -9999 1.53826E-1
1.81356E-22 2.07792E-22 1.28578E-21 3.85813E-21 1.03139E-18 4.15073E-13 7.87809E-8 1.0451E-6 3.74111E-7 -9999 -9999 -9999 -9999 -9999 -9999 2.34073E-6 1.64028E-5 1.87318E-5 8.46857E-6 1.07599E-5 3.44064E-5 1.36052E-5 2.56716E-5 3.29781E-5 4.1619E-5 5.60315E-5 6.61439E-5 7.76505E-5 7.90938E-5 8.71648E-5 6.40452E-5 -9999 -9999 -9999 -9999 -9999 -9999 -9999 -9999 -9999 -9999 -9999 -9999 -9999 -9999 -9999 -9999 -9999 -9999 -9999 -9999 -9999 -9999 -9999 -9999 -9999 -9999 -9999 -9999 -9999 -9999 1.27798E-1
1.51696E-22 1.87407E-22 1.01069E-21 4.34975E-21 1.41203E-17 3.12498E-10 8.53197E-7 -9999 -9999 -9999 -9999 -9999 -9999 -9999 -9999 -9999 1.42141E-5 2.00301E-5 6.63743E-6 6.34007E-6 4.09148E-5 2.04444E-5 2.51462E-5 3.64257E-5 4.60292E-5 5.61993E-5 6.62901E-5 7.54728E-5 8.16195E-5 7.88822E-5 8.65734E-5 5.96841E-5 -9999 -9999 -9999 -9999 -9999 -9999 -9999 -9999 -9999 -9999 -9999 -9999 -9999 -9999 -9999 -9999 -9999 -9999 -9999 -9999 -9999 -9999 -9999 -9999 -9999 -9999 -9999 -9999 -9999 -9999
2.16601E-22 4.63656E-22 5.31074E-22 4.1713E-21 1.18778E-15 8.26131E-8 5.5444E-7 -9999 -9999 -9999 -9999 -9999 -9999 -9999 -9999 -9999 1.60173E-5 1.57216E-5 3.42376E-6 3.23345E-6 3.2329E-5 3.88238E-5 2.41287E-5 3.46295E-5 3.88365E-5 3.4488E-5 4.29339E-5 6.84635E-5 7.15495E-5 6.37295E-5 7.59539E-5 3.32504E-5 -9999 4.40787E-5 -9999 -9999 -9999 -9999 -9999 -9999 -9999 -9999 -9999 -9999 -9999 -9999 -9999 -9999 -9999 -9999 -9999 -9999 -9999 -9999 -9999 -9999 -9999 -9999 -9999 -9999 -9999 -9999
2.24656E-22 4.42311E-22 1.18119E-21 1.21042E-19 2.59654E-14 6.40445E-8 4.58823E-7 -9999 -9999 -9999 -9999 -9999 -9999 -9999 -9999 -9999 1.68245E-5 1.78982E-5 3.2006E-6 2.52567E-6 2.81988E-5 3.99974E-5 2.63286E-5 3.12747E-5 2.87696E-5 1.54507E-5 1.83745E-5 4.17635E-5 7.00951E-5 6.22213E-5 6.92572E-5 7.46046E-5 8.52983E-5 1.00682E-4 7.87911E-5 8.51821E-5 6.26053E-5 -9999 -9999 -9999 -9999 -9999 -9999 -9999 -9999 -9999 -9999 -9999 -9999 -9999 -9999 -9999 -9999 -9999 -9999 -9999 -9999 -9999 -9999 -9999 -9999 -9999
2.54195E-22 4.55227E-22 7.20099E-21 2.81028E-18 9.62996E-14 1.20794E-7 -9999 -9999 -9999 -9999 -9999 -9999 -9999 -9999 -9999 -9999 1.78972E-5 2.16389E-5 5.09668E-6 3.84839E-6 2.87292E-5 4.50183E-5 5.2598E-5 2.71423E-5 1.52157E-5 9.71268E-6 3.38995E-6 1.28331E-6 5.0876E-6 6.04987E-5 7.44092E-5 7.25165E-5 8.41699E-5 9.94948E-5 1.13473E-4 1.25082E-4 9.43111E-5 6.64351E-5 -9999 -9999 -9999 -9999 -9999 -9999 -9999 -9999 -9999 -9999 -9999 -9999 -9999 -9999 -9999 -9999 -9999 -9999 -9999 -9999 -9999 -9999 -9999 -9999
6.46371E-22 1.85734E-21 1.03871E-19 2.19934E-16 1.36141E-12 4.65268E-8 2.0385E-6 -9999 -9999 -9999 -9999 -9999 -9999 -9999 -9999 -9999 2.00263E-5 1.96045E-5 5.57663E-6 4.17959E-6 1.81728E-5 4.65569E-5 5.20065E-5 2.43716E-5 6.54588E-6 3.06953E-6 1.23108E-7 5.57858E-8 3.23888E-6 4.63658E-5 7.39903E-5 8.53014E-5 9.92449E-5 1.18149E-4 1.36148E-4 1.46381E-4 1.38254E-4 9.99818E-5 -9999 -9999 -9999 -9999 -9999 -9999 -9999 -9999 -9999 -9999 -9999 -9999 -9999 -9999 -9999 -9999 -9999 -9999 -9999 -9999 -9999 -9999 -9999 -9999
2.03855E-21 1.47123E-20 1.10217E-18 1.62618E-15 7.55801E-12 4.59948E-8 2.70782E-6 -9999 -9999 -9999 -9999 -9999 -9999 -9999 -9999 1.1247E-5 2.83381E-5 9.71236E-6 3.83314E-6 2.74735E-6 8.43119E-6 1.86745E-5 1.43767E-5 4.08978E-6 5.54007E-6 1.00209E-6 6.74895E-8 3.07588E-8 1.03856E-7 3.96533E-6 1.46547E-5 2.01786E-5 4.06242E-5 6.24772E-5 5.47628E-5 1.10905E-4 1.65993E-4 1.51272E-4 1.03882E-4 6.93959E-5 -9999 -9999 -9999 -9999 -9999 -9999 -9999 -9999 -9999 -9999 -9999 -9999 -9999 -9999 -9999 -9999 -9999 -9999 -9999 -9999 -9999 -9999
6.52459E-22 5.83124E-21 1.93236E-17 7.51181E-14 3.16255E-10 5.77205E-7 3.04018E-6 2.85295E-6 -9999 -9999 -9999 -9999 -9999 -9999 -9999 2.45158E-5 1.69204E-5 3.91959E-6 1.64807E-6 1.31222E-6 2.59236E-6 4.54045E-6 2.33692E-6 1.07451E-6 1.30193E-6 5.24236E-8 4.73018E-7 1.28086E-8 1.12432E-8 2.03863E-7 5.47633E-7 1.76583E-6 3.38524E-6 5.29161E-6 1.21743E-5 2.93286E-5 6.11418E-5 1.60605E-4 1.91605E-4 1.69885E-4 1.19433E-4 8.41277E-5 -9999 -9999 -9999 -9999 -9999 -9999 -9999 -9999 -9999 -9999 -9999 -9999 -9999 -9999 -9999 -9999 -9999 -9999 -9999 -9999
1.044E-21 3.45694E-20 1.22346E-16 2.08453E-13 2.80886E-10 5.00755E-8 9.41241E-7 4.58874E-6 -9999 -9999 -9999 -9999 -9999 -9999 -9999 2.48525E-5 5.19779E-6 2.02734E-6 1.19184E-6 1.1999E-6 2.09541E-6 2.76474E-6 1.18148E-6 4.78339E-7 3.78636E-7 2.6706E-8 3.76896E-7 1.24983E-9 9.02436E-9 1.86977E-8 1.72839E-7 2.20732E-6 1.9971E-6 1.54095E-6 8.76493E-6 3.0541E-5 1.13688E-5 1.69122E-5 7.22808E-5 1.99826E-4 3.40315E-4 2.56292E-4 1.74052E-4 -9999 -9999 -9999 -9999 -9999 -9999 -9999 -9999 -9999 -9999 -9999 -9999 -9999 -9999 -9999 -9999 -9999 -9999 -9999
1.04776E-20 2.0567E-19 1.58577E-17 3.18997E-15 1.16774E-12 1.62936E-9 9.10303E-7 1.03698E-5 5.06604E-6 -9999 -9999 -9999 -9999 -9999 8.96963E-6 2.05836E-5 3.81647E-6 1.67204E-6 1.27427E-6 2.10844E-6 3.38238E-6 1.98151E-6 2.62978E-7 4.55061E-7 1.83699E-6 9.5241E-8 1.07253E-7 1.16867E-8 7.11302E-8 9.56881E-9 6.35613E-7 8.75205E-6 1.89254E-6 1.70425E-6 7.6303E-6 4.5799E-5 1.691E-5 5.22092E-6 2.50037E-5 6.64285E-5 3.34955E-4 4.53955E-4 2.58198E-4 1.79772E-4 -9999 -9999 -9999 -9999 -9999 -9999 -9999 -9999 -9999 -9999 -9999 -9999 -9999 -9999 -9999 -9999 -9999 -9999
1.16759E-20 9.25381E-19 3.13129E-17 5.30496E-15 1.20818E-12 3.51082E-10 7.30815E-8 4.54386E-6 6.70334E-6 -9999 -9999 -9999 -9999 -9999 1.40858E-5 3.39895E-5 8.89051E-6 3.26732E-6 1.69624E-6 2.95702E-6 5.01354E-6 2.04311E-6 1.65373E-7 3.16542E-7 1.86638E-6 2.42909E-8 6.94899E-8 7.39242E-7 1.0618E-6 1.14234E-7 1.60881E-7 1.69422E-6 3.06624E-6 8.08389E-6 1.18987E-5 1.26402E-5 5.27649E-6 7.68525E-7 3.01327E-6 1.53748E-5 5.90158E-5 4.1432E-4 4.02244E-4 3.05568E-4 2.73126E-4 -9999 -9999 -9999 -9999 -9999 -9999 -9999 -9999 -9999 -9999 -9999 -9999 -9999 -9999 -9999 -9999 -9999
3.53508E-20 1.1773E-18 2.96116E-17 1.64579E-15 6.85883E-12 1.72476E-9 6.81811E-8 3.49159E-6 1.68176E-5 5.26947E-6 -9999 -9999 -9999 8.66739E-6 1.59268E-5 3.17236E-5 2.62131E-5 7.7814E-6 2.99281E-6 2.07092E-6 2.97072E-6 2.55664E-6 3.0978E-7 8.84567E-8 4.3971E-7 6.89703E-9 1.11334E-8 1.45307E-7 5.74984E-7 2.11109E-6 7.67383E-7 1.72554E-6 9.68646E-6 2.32354E-5 2.60539E-5 3.06135E-6 4.41623E-7 5.02118E-7 6.9281E-7 6.69952E-6 2.23809E-5 1.44142E-4 4.78063E-4 4.00856E-4 4.08554E-4 2.82353E-4 -9999 -9999 -9999 -9999 -9999 -9999 -9999 -9999 -9999 -9999 -9999 -9999 -9999 -9999 -9999 -9999
6.19547E-20 1.61085E-18 5.91075E-17 2.24089E-15 7.17088E-12 8.90481E-9 4.01344E-7 7.1481E-6 1.95665E-5 1.71381E-5 1.24809E-5 8.2707E-6 -9999 1.5501E-5 2.55289E-5 2.72766E-5 3.74341E-5 2.30788E-5 7.05905E-6 3.00919E-6 1.7733E-6 5.3939E-7 7.49448E-8 1.24768E-7 4.31897E-7 1.3938E-9 4.13277E-9 2.62451E-8 1.9961E-8 3.12775E-7 1.04724E-6 2.97012E-7 1.30928E-6 9.9397E-6 8.23352E-6 7.03125E-7 1.83121E-7 7.691E-7 1.44443E-7 1.99096E-6 7.38187E-5 1.7311E-4 1.75775E-4 4.80324E-4 4.12425E-4 4.15576E-4 2.88561E-4 3.01998E-4 2.26587E-4 -9999 -9999 -9999 -9999 -9999 -9999 -9999 -9999 -9999 -9999 -9999 -9999 -9999
1.91595E-19 7.34229E-18 1.10647E-15 7.36738E-14 1.2059E-11 1.45137E-8 1.5004E-6 1.51729E-5 2.40294E-5 2.21674E-5 2.23465E-5 1.59013E-5 1.60037E-5 1.66902E-5 1.7472E-5 2.75117E-5 3.06488E-5 4.17076E-5 1.85478E-5 8.55921E-6 2.94016E-6 1.8102E-7 1.6215E-8 3.62916E-8 2.30287E-8 1.64905E-10 5.57804E-9 1.09808E-8 1.20241E-9 4.33276E-8 1.13081E-6 4.94912E-8 4.99012E-8 1.85185E-6 5.93935E-7 2.19013E-7 2.61753E-7 5.52833E-7 3.22767E-8 2.05132E-8 2.09395E-5 4.57172E-5 1.19679E-5 1.12626E-4 4.63256E-4 4.85066E-4 4.39545E-4 4.60892E-4 3.82226E-4 3.68868E-4 2.55265E-4 -9999 -9999 -9999 -9999 -9999 -9999 -9999 -9999 -9999 -9999 -9999
2.20963E-16 4.73502E-12 1.28649E-8 4.71396E-7 1.91813E-6 2.94146E-6 3.66872E-6 1.65243E-5 3.0116E-5 2.57382E-5 1.75289E-5 1.69038E-5 -9999 -9999 -9999 1.76726E-5 2.92367E-5 3.25056E-5 4.19033E-5 2.64632E-5 6.13111E-6 3.91842E-7 1.03028E-8 8.42233E-9 2.22141E-8 1.46851E-9 3.45951E-10 1.06105E-10 5.43084E-10 2.10518E-7 9.29705E-7 1.21284E-7 1.97259E-8 2.29745E-7 3.44071E-8 1.50402E-8 4.2967E-8 3.92689E-8 2.27906E-9 3.06949E-10 6.92236E-8 1.10127E-7 2.52061E-7 3.889E-6 2.35754E-5 3.22E-4 5.35123E-4 5.8011E-4 5.79832E-4 5.40766E-4 5.57619E-4 3.91967E-4 4.60592E-4 7.63434E-4 5.73079E-4 3.72152E-4 3.98636E-4 4.56954E-4 -9999 -9999 -9999 -9999
2.39527E-13 6.86566E-8 1.71689E-5 1.45871E-5 1.73927E-5 2.64161E-5 3.02318E-5 3.61919E-5 3.52611E-5 1.90183E-5 -9999 -9999 -9999 -9999 -9999 -9999 1.90909E-5 3.07195E-5 3.47182E-5 3.86314E-5 7.48687E-6 4.01339E-7 7.10845E-9 1.52112E-9 1.2197E-9 1.86971E-10 7.75147E-11 4.00841E-10 6.56383E-8 2.76986E-6 5.33709E-7 2.04869E-8 3.04797E-9 4.47016E-9 7.05153E-10 5.70911E-11 1.30596E-10 1.90058E-9 2.17095E-10 1.44936E-10 1.02395E-9 5.73314E-10 3.25358E-10 9.24789E-9 3.73319E-8 1.27039E-5 1.94906E-4 3.60602E-4 4.63212E-4 6.65521E-4 5.77106E-4 6.01786E-4 6.76018E-4 7.73382E-4 8.7937E-4 9.56835E-4 1.00498E-3 1.00649E-3 6.69008E-4 -9999 -9999 -9999
1.13171E-10 4.07102E-6 1.63648E-5 1.10506E-5 1.36574E-5 1.62684E-5 2.84792E-5 3.09087E-5 2.21599E-5 -9999 -9999 -9999 -9999 -9999 -9999 -9999 1.24054E-5 2.08188E-5 3.35709E-5 4.81913E-5 8.50555E-6 1.66154E-7 4.32245E-9 1.11632E-9 7.50336E-9 5.63596E-11 4.26563E-14 1.64151E-10 1.14408E-7 1.75974E-9 8.12566E-11 2.67872E-9 1.90671E-9 7.42289E-12 2.29363E-13 2.4841E-13 3.15216E-12 2.20211E-10 2.44199E-11 1.17719E-11 5.96111E-11 1.11252E-10 1.04715E-11 5.09397E-11 2.8524E-10 1.39483E-7 2.70937E-5 2.94831E-4 5.12768E-4 5.97998E-4 5.72877E-4 6.54449E-4 8.32721E-4 8.94889E-4 9.69562E-4 1.12008E-3 1.25991E-3 1.21965E-3 9.68878E-4 6.28613E-4 -9999 -9999
1.61626E-8 2.35536E-5 1.25256E-5 9.65319E-6 1.63947E-5 1.86638E-5 1.34984E-5 -9999 -9999 -9999 -9999 -9999 -9999 -9999 -9999 -9999 -9999 1.30321E-5 3.18328E-5 4.66424E-5 9.20053E-6 8.98719E-8 1.13147E-8 1.84905E-8 2.02516E-7 3.25433E-11 6.2642E-15 3.13932E-12 2.50617E-9 2.49405E-11 7.87185E-12 1.70285E-11 1.50283E-13 1.44162E-15 2.08377E-15 6.1105E-15 6.85558E-14 5.09737E-11 1.72289E-11 2.73554E-12 2.11448E-11 7.85322E-12 1.91749E-12 8.51295E-13 9.33877E-13 8.3065E-12 8.0857E-9 1.86371E-5 3.56077E-4 4.97764E-4 5.42415E-4 5.97038E-4 2.0509E-4 2.20617E-4 3.70194E-4 3.19522E-4 2.27253E-4 5.25325E-4 1.30577E-3 9.67249E-4 4.08646E-4 -9999
5.03578E-6 2.3958E-5 -9999 -9999 -9999 -9999 -9999 -9999 -9999 -9999 -9999 -9999 -9999 -9999 -9999 -9999 -9999 1.21468E-5 3.43894E-5 5.066E-5 6.46857E-6 1.50328E-7 7.6032E-7 1.66387E-6 6.21963E-9 9.89094E-13 2.13302E-13 4.43944E-14 2.65253E-12 2.7822E-12 1.56118E-11 1.31599E-14 7.08843E-18 1.93901E-17 1.05982E-15 3.79587E-16 6.74197E-15 2.49206E-10 6.92639E-12 9.67354E-14 9.19892E-13 1.54144E-14 1.23743E-14 9.27448E-15 6.70838E-16 5.40516E-18 1.847E-15 1.43756E-12 2.08514E-10 2.9963E-7 2.38702E-5 1.4427E-4 7.66513E-5 1.53311E-4 8.34977E-4 6.55692E-4 1.23986E-4 1.65539E-4 8.00613E-4 8.94194E-4 5.5717E-4 5.58575E-4
3.24816E-5 1.78841E-5 -9999 -9999 -9999 -9999 -9999 -9999 -9999 -9999 -9999 -9999 -9999 -9999 -9999 -9999 -9999 -9999 3.66435E-5 4.81932E-5 5.70845E-6 8.34292E-8 7.40665E-6 4.92036E-6 1.45878E-10 9.65562E-11 1.18296E-11 1.60737E-15 1.48958E-15 1.28413E-13 3.10609E-14 3.94363E-18 2.12683E-20 1.52212E-19 7.76912E-18 5.20539E-16 2.66911E-13 1.54863E-11 1.40723E-13 7.94397E-16 1.76212E-16 1.974E-20 2.95259E-20 4.01634E-18 1.96331E-19 5.52156E-22 9.38418E-23 4.06365E-23 7.15495E-24 2.57155E-16 1.40006E-11 1.39026E-9 1.57061E-7 1.00299E-5 1.35919E-4 1.81079E-4 5.05948E-5 8.29612E-5 4.56099E-4 1.06076E-3 1.12238E-3 1.20881E-3
3.29707E-5 3.06986E-5 -9999 -9999 -9999 -9999 -9999 -9999 -9999 -9999 -9999 -9999 -9999 -9999 -9999 -9999 -9999 -9999 2.14264E-5 4.59126E-5 1.92358E-5 2.29792E-8 8.90076E-7 5.85932E-7 1.35385E-9 1.28665E-8 8.88635E-11 1.36314E-15 1.33095E-17 6.0176E-17 5.34737E-19 4.03102E-21 1.59885E-21 1.19338E-20 6.7766E-20 5.14569E-17 5.68026E-16 3.09916E-16 1.34268E-16 1.59369E-17 2.9467E-20 9.88614E-25 5.85258E-25 1.95255E-22 3.41096E-23 6.24423E-24 2.33895E-25 3.98603E-27 1.7709E-28 7.91296E-20 2.69578E-17 5.69155E-18 1.14524E-11 7.93963E-9 5.74997E-8 1.67943E-6 8.35561E-6 1.04003E-5 2.58941E-5 9.01928E-5 4.6046E-4 5.1349E-4
3.5637E-5 3.61499E-5 4.25366E-5 2.42882E-5 -9999 -9999 -9999 -9999 -9999 -9999 -9999 -9999 -9999 -9999 -9999 -9999 -9999 -9999 -9999 3.7412E-5 1.44364E-5 5.29172E-9 4.25491E-8 7.80087E-7 6.27514E-10 5.46132E-11 3.09331E-11 2.01312E-13 1.27466E-17 9.83219E-20 2.73466E-20 2.15842E-21 2.10047E-21 6.23421E-21 1.69338E-20 6.18361E-19 5.56406E-17 5.26445E-15 4.63258E-17 2.96796E-19 4.91835E-22 3.34503E-25 6.19084E-26 2.89808E-24 2.2096E-25 2.62346E-24 1.81738E-26 2.75231E-29 1.11611E-28 7.356E-24 3.09932E-22 1.50615E-20 2.40967E-14 4.60833E-12 7.49946E-12 9.11141E-10 2.67504E-7 2.58694E-6 7.06542E-6 4.05019E-5 9.39411E-5 3.63687E-5
