testfiles/speciesdistributions/Carcharodon_carcharias.asc
ncols         720
nrows         360
xllcorner     -180.00
yllcorner     -90.00
cellsize      0.5
NODATA_value  -9999
[rows 26 to 51 of 360, columns 180 to 239 of 720]
1.29001E-3 1.19792E-3 -9999 5.70008E-4 -9999 -9999 -9999 -9999 -9999 1.00934E-3 1.09806E-3 -9999 -9999 -9999 -9999 2.09207E-3 -9999 1.35186E-3 -9999 -9999 -9999 1.06829E-3 1.01717E-3 1.11585E-3 1.46757E-3 1.66568E-3 1.62716E-3 1.60812E-3 1.61142E-3 1.59667E-3 1.57871E-3 1.618E-3 1.6554E-3 2.4886E-3 2.48363E-3 2.61871E-3 4.14572E-3 2.46103E-3 3.03395E-3 2.58646E-3 2.40014E-3 2.50651E-3 2.30147E-3 2.14423E-3 -9999 -9999 -9999 -9999 -9999 -9999 -9999 -9999 -9999 -9999 -9999 -9999 -9999 -9999 -9999 -9999
1.10885E-3 1.21334E-3 1.41503E-3 1.47864E-3 1.47232E-3 1.51991E-3 1.47869E-3 1.45694E-3 1.41673E-3 1.79293E-3 1.41571E-3 1.50095E-3 1.53075E-3 3.16547E-3 3.13943E-3 3.12565E-3 3.21445E-3 1.91955E-3 2.45869E-3 1.78619E-3 1.43286E-3 1.34705E-3 1.33891E-3 1.58136E-3 2.44032E-3 2.40258E-3 1.65794E-3 1.63813E-3 1.62386E-3 1.59499E-3 1.5578E-3 1.5675E-3 2.25053E-3 2.96528E-3 3.06152E-3 3.18256E-3 3.41191E-3 3.50856E-3 3.45538E-3 2.46553E-3 2.41651E-3 2.901E-3 2.60934E-3 2.19903E-3 2.25683E-3 2.18308E-3 2.65329E-3 2.74097E-3 2.74157E-3 1.88987E-3 2.76214E-3 2.86023E-3 2.72369E-3 2.99027E-3 2.68187E-2 2.75458E-3 2.32003E-3 1.57385E-3 1.69031E-3 1.95235E-3
9.17106E-4 1.02889E-3 1.12298E-3 1.18881E-3 1.36176E-3 1.46463E-3 1.99035E-3 2.75556E-3 2.74425E-3 3.01566E-3 2.52228E-3 1.40956E-3 1.74796E-3 1.8215E-3 1.81217E-3 2.81996E-3 2.82363E-3 2.58557E-3 2.66446E-3 2.74811E-3 2.78031E-3 1.52586E-3 1.6641E-3 1.79653E-3 1.78462E-3 1.7619E-3 1.73386E-3 2.35831E-3 2.30964E-3 2.24597E-3 2.18214E-3 2.12387E-3 2.1888E-3 2.25044E-3 2.31673E-3 2.3779E-3 2.43742E-3 3.14206E-3 3.169E-3 3.23853E-3 3.2057E-3 3.18392E-3 3.16445E-3 3.22976E-3 3.30971E-3 2.85932E-3 3.19641E-3 3.42877E-2 2.50905E-2 3.82133E-2 2.46761E-2 1.74899E-2 1.74926E-2 1.55462E-2 1.81532E-2 1.88268E-2 1.69632E-2 1.54291E-2 1.72184E-3 2.35497E-3
-9999 -9999 1.03616E-3 -9999 -9999 -9999 -9999 1.6891E-3 -9999 -9999 -9999 -9999 -9999 -9999 -9999 -9999 -9999 -9999 -9999 9.7179E-4 1.4367E-3 2.9933E-3 3.27789E-3 3.22254E-3 3.14382E-3 3.082E-3 3.02364E-3 2.96375E-3 2.89443E-3 2.82487E-3 2.74841E-3 2.7346E-3 2.67919E-3 3.10073E-3 3.16041E-3 3.21965E-3 3.24948E-3 3.27921E-3 3.29454E-3 3.29149E-3 3.35946E-3 3.45238E-3 3.52639E-3 3.16125E-3 3.15314E-3 3.27186E-3 3.29899E-3 3.19634E-3 3.18839E-3 3.15698E-3 3.07378E-3 2.33999E-3 2.94477E-2 2.10213E-2 1.50004E-2 1.80633E-2 1.8796E-2 1.9021E-2 1.88934E-2 1.67951E-2
1.30666E-3 1.3451E-3 1.27372E-3 1.36397E-3 1.21466E-3 1.23783E-3 1.93137E-3 2.84656E-3 2.83876E-3 2.46646E-3 2.42907E-3 2.56048E-3 1.39268E-3 1.5179E-3 1.70683E-3 2.72646E-3 2.80768E-3 2.49517E-3 1.45949E-3 1.44828E-3 1.64988E-3 3.07267E-3 3.3506E-3 3.27809E-3 2.51962E-3 2.46078E-3 3.04206E-3 2.98348E-3 2.90928E-3 2.83205E-3 2.81805E-3 2.76186E-3 3.06841E-3 3.01652E-3 2.94886E-3 2.9582E-3 2.9726E-3 2.98623E-3 2.76572E-2 2.81575E-2 1.49516E-2 1.52878E-2 1.55864E-2 1.58281E-2 1.59835E-2 1.59502E-2 1.60117E-2 1.59063E-2 2.11692E-2 2.91807E-3 2.81536E-3 2.7767E-3 3.68921E-2 2.5764E-2 1.79986E-2 1.44071E-2 1.69949E-2 1.79181E-2 1.87151E-2 1.95859E-2
1.64048E-3 1.77249E-3 3.01719E-3 3.11896E-3 2.96463E-3 2.97538E-3 2.9932E-3 3.68443E-3 3.17593E-3 2.98532E-3 2.9129E-3 2.90474E-3 2.9881E-3 2.98779E-3 2.97854E-3 2.91434E-3 2.99317E-3 3.07151E-3 3.10992E-3 3.0812E-3 3.11765E-3 3.14613E-3 3.1673E-3 3.17707E-3 3.18228E-3 3.19913E-3 3.2858E-3 3.26996E-3 3.23737E-3 3.17841E-3 3.10482E-3 3.03231E-3 3.32415E-3 3.24131E-3 3.16074E-3 3.08164E-3 2.90667E-3 1.79604E-2 1.33099E-2 1.35557E-2 1.38199E-2 1.40227E-2 1.26993E-2 1.29002E-2 1.15897E-2 1.16272E-2 1.16624E-2 1.1658E-2 1.15331E-2 1.28683E-2 1.40522E-2 1.40674E-2 2.40338E-2 2.4241E-2 1.77539E-2 1.59669E-2 1.6671E-2 1.73086E-2 1.79827E-2 1.86669E-2
2.95219E-3 2.88055E-3 2.98811E-3 2.76643E-3 1.48321E-3 1.39041E-3 1.38517E-3 1.39929E-3 1.36495E-3 1.45016E-3 1.62875E-3 1.70056E-3 2.83109E-3 2.75695E-3 2.67775E-3 2.69482E-3 2.7059E-3 2.88217E-3 2.82874E-3 2.79338E-3 2.88113E-3 2.9792E-3 2.98511E-3 3.42306E-3 3.47393E-3 3.58886E-3 3.87505E-3 3.78638E-3 3.73091E-3 3.6433E-3 3.59564E-3 3.52516E-3 3.4525E-3 3.37531E-3 3.29709E-3 3.23882E-3 3.15739E-3 2.9755E-3 1.83808E-2 1.37172E-2 1.34085E-2 1.10048E-2 1.0842E-2 9.7302E-3 9.75541E-3 7.2803E-3 7.26215E-3 7.23921E-3 7.21394E-3 9.55005E-3 1.17994E-2 1.23361E-2 1.33076E-2 1.37687E-2 1.42552E-2 1.4819E-2 1.54895E-2 1.61606E-2 1.69666E-2 1.57799E-2
2.92352E-3 1.51446E-3 1.22339E-3 -9999 -9999 -9999 -9999 1.37938E-3 2.959E-3 1.53113E-3 1.33971E-3 1.50929E-3 1.27925E-3 -9999 -9999 -9999 -9999 1.27696E-3 1.31753E-3 1.42761E-3 -9999 -9999 -9999 -9999 -9999 2.8596E-3 1.46811E-3 3.16719E-3 3.82069E-3 3.78628E-3 3.74394E-3 3.65766E-3 3.59537E-3 3.55284E-3 3.48715E-3 3.31915E-3 3.23494E-3 2.92273E-2 1.47761E-2 1.44379E-2 1.42883E-2 1.25876E-2 1.0951E-2 1.07277E-2 7.42011E-3 7.23184E-3 8.16665E-3 6.83086E-3 6.60974E-3 6.42121E-3 8.91697E-3 1.14398E-2 1.18139E-2 1.32449E-2 1.61565E-2 1.26055E-2 1.32922E-2 1.40633E-2 1.49131E-2 1.57321E-2
1.45598E-3 1.03368E-3 -9999 -9999 -9999 -9999 2.08215E-4 2.11249E-3 1.53262E-3 1.47364E-3 1.1795E-3 -9999 -9999 -9999 -9999 -9999 -9999 -9999 1.03771E-3 1.59667E-3 1.49746E-3 1.55096E-3 2.87703E-3 2.78359E-3 2.69893E-3 2.53371E-3 2.57344E-3 2.77463E-3 3.00988E-3 3.25209E-3 3.44225E-3 3.36037E-3 3.69006E-3 3.63937E-3 3.61192E-3 3.5696E-3 3.40062E-3 3.08927E-2 1.62076E-2 1.61471E-2 1.59486E-2 1.3995E-2 1.20948E-2 1.17774E-2 8.49311E-3 9.55183E-3 9.23397E-3 7.31455E-3 7.06956E-3 6.83159E-3 6.68961E-3 9.07988E-3 9.42355E-3 9.85696E-3 1.21888E-2 1.42158E-2 1.52924E-2 1.37803E-2 1.68072E-2 1.77212E-2
8.88764E-4 -9999 -9999 -9999 -9999 -9999 -9999 1.53532E-3 1.98489E-3 1.36649E-3 1.00265E-3 -9999 -9999 -9999 -9999 -9999 -9999 -9999 1.38475E-3 1.41392E-3 1.12371E-3 1.36344E-3 1.37399E-3 1.14047E-3 -9999 -9999 -9999 -9999 6.3167E-4 1.05372E-3 1.29971E-3 1.4866E-3 1.83287E-3 1.82716E-3 3.24162E-3 3.74336E-3 7.89944E-2 3.4202E-2 1.79638E-2 1.7705E-2 1.73677E-2 1.51077E-2 1.30767E-2 1.26887E-2 9.05822E-3 8.73293E-3 8.49012E-3 8.35316E-3 8.19253E-3 8.03725E-3 7.84003E-3 7.271E-3 9.5149E-3 9.31656E-3 9.70754E-3 1.18498E-2 1.3815E-2 1.49832E-2 1.5711E-2 1.43354E-2
8.62795E-4 -9999 -9999 -9999 -9999 -9999 -9999 1.60712E-4 1.16233E-3 1.06826E-3 1.00675E-3 -9999 -9999 -9999 -9999 -9999 -9999 -9999 -9999 -9999 -9999 -9999 -9999 -9999 -9999 -9999 -9999 -9999 -9999 -9999 1.17323E-3 1.38814E-3 1.60186E-3 3.13945E-3 2.96907E-3 1.73087E-3 1.87236E-3 3.40673E-3 3.89779E-3 2.33313E-2 1.75388E-2 1.72431E-2 1.35615E-2 1.32687E-2 1.31456E-2 9.72519E-3 9.60283E-3 9.39798E-3 9.16325E-3 8.88268E-3 8.58325E-3 8.27756E-3 7.95216E-3 9.87863E-3 9.58154E-3 9.77703E-3 1.214E-2 1.43461E-2 1.50662E-2 1.63242E-2
1.18456E-3 1.57244E-4 1.53122E-4 1.53519E-4 1.47085E-4 8.71244E-5 8.81864E-5 1.38493E-4 8.84492E-4 1.48526E-4 1.48972E-4 -9999 -9999 -9999 -9999 -9999 -9999 -9999 -9999 -9999 -9999 -9999 -9999 -9999 -9999 -9999 -9999 -9999 -9999 -9999 -9999 -9999 1.17743E-3 1.12009E-3 -9999 1.37871E-3 1.42032E-3 1.63178E-3 3.71745E-3 1.91998E-3 1.78681E-3 1.73114E-3 2.45605E-3 3.72951E-3 1.76281E-2 1.7665E-2 1.56178E-2 1.36306E-2 1.3256E-2 1.27659E-2 1.22313E-2 1.1699E-2 1.12807E-2 1.09452E-2 1.05419E-2 9.75542E-3 1.11798E-2 1.37446E-2 1.45339E-2 1.57138E-2
1.33043E-3 1.9246E-4 1.44422E-4 1.5052E-4 1.50517E-4 -9999 -9999 -9999 -9999 -9999 1.57632E-4 -9999 -9999 -9999 -9999 -9999 -9999 -9999 -9999 -9999 -9999 9.21421E-5 5.80732E-4 -9999 -9999 -9999 -9999 -9999 -9999 -9999 -9999 -9999 -9999 -9999 -9999 1.32772E-3 1.37801E-3 1.41565E-3 1.49931E-3 1.51986E-3 1.55267E-3 1.54947E-3 1.64976E-3 1.77268E-3 1.84695E-3 1.81522E-3 3.72062E-3 1.73471E-2 1.72215E-2 1.33592E-2 1.29354E-2 1.24719E-2 1.19755E-2 1.15379E-2 1.11361E-2 1.20477E-2 1.21965E-2 1.21999E-2 1.37613E-2 1.29482E-2
1.3037E-3 1.32143E-3 1.37634E-3 2.06772E-4 1.91255E-4 1.7746E-4 9.61353E-4 9.92158E-4 9.67918E-4 9.98164E-4 1.49523E-4 1.58818E-4 -9999 1.61741E-4 -9999 1.65555E-4 1.07634E-3 9.50506E-4 1.0016E-3 1.72002E-4 -9999 1.46683E-4 1.16854E-3 1.88877E-4 1.01854E-3 -9999 -9999 -9999 -9999 -9999 -9999 -9999 -9999 -9999 -9999 -9999 -9999 1.57471E-3 -9999 -9999 1.30729E-3 1.37099E-3 1.46018E-3 1.54956E-3 1.56262E-3 1.55495E-3 1.79243E-3 1.78921E-3 3.67514E-3 1.68783E-2 1.47113E-2 1.27216E-2 1.22125E-2 1.16954E-2 1.26162E-2 1.21065E-2 1.30023E-2 1.19964E-2 1.30785E-2 1.22574E-2
1.30128E-3 1.15156E-3 1.15029E-3 1.20793E-3 1.36306E-3 1.93169E-3 1.98404E-3 2.09132E-3 2.00815E-3 1.95134E-4 1.86729E-4 1.70237E-4 1.7515E-4 1.27639E-3 2.03384E-4 1.73034E-4 1.39045E-3 1.34604E-3 1.29346E-3 1.86818E-4 1.80413E-4 1.216E-3 1.26335E-3 1.20238E-3 1.24948E-3 1.11138E-3 1.49735E-4 -9999 -9999 -9999 -9999 -9999 -9999 -9999 -9999 -9999 -9999 -9999 -9999 1.1999E-3 1.16152E-3 1.47224E-3 1.52117E-3 1.23214E-3 1.42654E-3 1.62983E-3 1.79166E-3 1.68823E-3 1.70665E-3 3.05083E-3 1.62051E-2 1.42098E-2 1.37013E-2 1.31972E-2 1.2663E-2 1.21718E-2 1.16375E-2 1.19881E-2 1.2047E-2 1.34881E-2
1.33388E-3 1.56239E-4 1.1265E-3 1.81619E-4 1.2405E-3 1.32498E-3 1.71014E-3 1.84202E-3 1.89743E-3 1.77757E-4 8.49775E-5 -9999 -9999 -9999 -9999 1.56802E-4 1.07587E-3 1.29028E-3 1.38108E-3 1.26767E-3 1.27952E-3 1.22837E-3 1.72715E-4 1.7559E-4 1.18886E-3 1.05915E-3 1.7671E-4 1.24368E-3 1.67802E-4 9.45886E-5 -9999 -9999 -9999 -9999 -9999 -9999 -9999 -9999 -9999 -9999 -9999 -9999 -9999 1.18443E-3 1.37451E-3 1.58602E-3 1.7368E-3 1.82957E-3 1.73648E-3 2.38794E-3 3.03745E-3 1.57985E-2 1.55315E-2 1.37427E-2 1.34438E-2 1.3075E-2 1.42136E-2 1.37771E-2 1.33002E-2 1.30983E-2
1.50757E-4 -9999 -9999 1.3699E-4 1.80834E-4 1.24359E-3 1.66102E-3 1.90432E-3 1.92543E-3 1.72935E-4 8.51007E-5 -9999 -9999 -9999 9.58333E-5 9.54203E-5 9.55789E-4 1.21283E-3 1.24558E-3 1.27098E-3 1.2785E-3 1.14053E-3 1.10778E-3 1.20399E-3 1.03874E-3 1.0538E-3 1.6915E-4 1.06935E-3 8.48737E-4 7.32766E-4 1.28554E-4 8.45733E-5 8.40647E-5 -9999 -9999 -9999 -9999 -9999 -9999 -9999 -9999 1.15776E-3 1.26484E-3 1.24586E-3 1.64912E-3 1.87296E-3 3.44993E-3 3.78966E-3 3.31522E-3 1.69329E-3 1.67482E-3 1.7327E-2 1.7143E-2 1.68219E-2 1.63079E-2 1.57315E-2 1.51777E-2 1.46445E-2 1.42531E-2 1.38804E-2
-9999 -9999 -9999 1.54804E-4 1.75977E-4 1.86675E-4 1.58784E-4 1.49652E-3 1.25114E-3 -9999 -9999 -9999 -9999 -9999 -9999 1.6092E-4 1.24716E-3 1.20059E-3 1.13898E-3 1.21403E-3 1.18498E-3 1.82709E-4 1.77798E-4 1.17576E-3 1.19461E-3 1.12796E-3 1.04461E-3 1.51163E-4 1.53598E-4 1.0504E-3 1.15023E-3 1.7124E-4 1.69891E-4 1.69729E-4 9.41901E-4 -9999 -9999 -9999 -9999 -9999 -9999 -9999 -9999 -9999 1.12197E-3 9.98306E-5 2.18165E-4 1.71008E-3 1.84564E-3 2.61493E-3 1.92421E-3 3.7714E-3 1.78323E-2 1.7018E-2 1.69508E-2 1.66297E-2 1.62638E-2 1.5904E-2 1.57754E-2 1.55915E-2
-9999 -9999 -9999 1.48019E-4 1.33301E-3 1.88689E-4 1.73803E-4 1.43557E-4 -9999 -9999 -9999 -9999 -9999 -9999 -9999 1.67344E-4 1.0385E-3 1.27813E-3 1.27898E-3 1.21546E-3 1.15152E-3 1.15604E-3 1.13524E-3 1.15559E-3 1.23172E-3 1.6725E-4 -9999 -9999 -9999 1.39512E-4 1.13082E-3 1.71146E-4 1.76626E-4 1.23175E-3 1.14413E-3 6.40249E-4 -9999 -9999 -9999 -9999 -9999 -9999 -9999 -9999 -9999 -9999 -9999 1.81914E-4 1.87457E-4 -9999 2.29354E-4 1.65157E-3 1.8014E-3 2.50501E-3 3.18174E-3 1.72905E-2 1.7077E-2 1.74182E-2 1.7326E-2 1.70565E-2
-9999 -9999 -9999 -9999 1.71601E-4 1.64354E-4 1.49825E-4 -9999 -9999 -9999 -9999 -9999 -9999 -9999 -9999 -9999 -9999 1.19468E-3 1.30416E-3 1.24642E-3 1.19577E-3 1.13025E-3 1.12873E-3 1.14558E-3 1.21498E-3 1.24671E-3 1.06037E-3 1.74602E-4 1.78508E-4 9.91133E-4 1.05176E-3 1.15282E-3 1.16317E-3 1.26126E-3 1.29058E-3 1.09327E-3 -9999 -9999 -9999 -9999 -9999 -9999 -9999 -9999 -9999 -9999 -9999 -9999 -9999 -9999 -9999 1.21663E-3 1.4767E-3 1.53828E-3 1.74872E-3 2.52857E-3 1.98078E-3 3.0976E-2 1.78835E-2 1.74919E-2
-9999 -9999 -9999 -9999 -9999 -9999 1.40578E-4 8.97285E-4 1.43111E-4 1.41313E-4 7.6761E-5 1.37268E-4 1.43991E-4 -9999 1.45641E-4 1.12761E-3 1.36166E-3 1.36337E-3 1.24761E-3 1.19131E-3 1.1453E-3 1.08743E-3 1.07156E-3 1.08029E-3 1.08047E-3 1.05211E-3 9.74782E-4 8.60175E-4 7.6594E-4 7.16186E-4 8.09916E-4 1.21972E-3 1.29972E-3 1.18829E-3 1.01789E-3 -9999 -9999 -9999 -9999 -9999 -9999 -9999 -9999 -9999 1.0106E-4 1.79605E-4 -9999 -9999 -9999 -9999 -9999 -9999 -9999 1.18994E-3 1.11899E-3 1.13651E-3 1.12753E-3 1.84806E-3 3.01574E-2 1.52947E-2
-9999 -9999 -9999 -9999 -9999 -9999 9.67942E-4 1.14743E-3 1.65214E-3 2.25348E-4 1.77447E-4 1.66228E-4 1.36725E-3 2.34356E-4 1.61967E-3 1.316E-3 1.2242E-3 1.18851E-3 1.16761E-3 1.12471E-3 1.07846E-3 1.02703E-3 1.04232E-3 1.06096E-3 1.0135E-3 9.23189E-4 8.22065E-4 6.74564E-4 6.15563E-4 6.78917E-4 1.0476E-3 1.12221E-3 9.88148E-4 -9999 -9999 -9999 -9999 -9999 -9999 -9999 -9999 -9999 -9999 1.00619E-4 1.62298E-4 1.54726E-3 1.8228E-3 1.65495E-3 1.37518E-3 1.30767E-3 1.18545E-3 -9999 -9999 -9999 -9999 1.11921E-3 1.45945E-3 1.93237E-3 1.56161E-2 9.82786E-3
1.37385E-3 1.46913E-3 2.6312E-4 1.45943E-4 -9999 -9999 1.0936E-3 1.28282E-3 1.66742E-4 1.69095E-4 2.2335E-4 1.66471E-3 2.24385E-4 1.57654E-3 1.55621E-3 1.48727E-3 1.38436E-3 1.29781E-3 1.25627E-3 1.13275E-3 1.08504E-3 1.09759E-3 1.09781E-3 1.03079E-3 1.00424E-3 9.50237E-4 7.85076E-4 6.55231E-4 6.01942E-4 6.57967E-4 7.75129E-4 1.04549E-3 1.1407E-3 -9999 -9999 -9999 -9999 -9999 -9999 -9999 -9999 -9999 -9999 1.54891E-4 1.67038E-4 1.66083E-3 3.02484E-3 4.14313E-3 2.04139E-3 1.38446E-3 -9999 -9999 -9999 1.3174E-3 1.21403E-3 1.53093E-3 1.7044E-3 2.36448E-3 7.42771E-3 9.05587E-3
-9999 2.54646E-4 2.53406E-3 2.60921E-4 2.71105E-4 1.1147E-3 1.4703E-3 1.35595E-3 -9999 1.72486E-4 1.57214E-4 2.10985E-4 1.57692E-3 1.74049E-3 1.62156E-3 1.56683E-3 1.56929E-3 1.54987E-3 1.49881E-3 1.3626E-3 1.31415E-3 1.20297E-3 1.18894E-3 1.25848E-3 1.1692E-3 9.51192E-4 9.26726E-4 1.53516E-4 1.59956E-4 1.03127E-3 9.95708E-4 5.66653E-4 -9999 -9999 -9999 -9999 -9999 -9999 -9999 -9999 -9999 -9999 -9999 -9999 -9999 1.20877E-3 1.81313E-3 3.13532E-3 2.62413E-2 3.79887E-3 1.7142E-3 1.56242E-3 1.2066E-3 1.67351E-3 1.88285E-3 1.75132E-3 2.36673E-3 2.27431E-3 6.93106E-3 9.82963E-3
-9999 -9999 -9999 -9999 1.85447E-4 2.21319E-3 1.68186E-3 3.03513E-4 -9999 -9999 -9999 -9999 -9999 2.22073E-4 2.22936E-4 1.55601E-3 1.87471E-3 1.73263E-3 2.30176E-3 1.5693E-3 1.54309E-3 1.5919E-3 1.59806E-3 1.45674E-3 -9999 -9999 -9999 -9999 5.49786E-4 6.44263E-4 6.07548E-4 1.10185E-3 6.65675E-4 6.65265E-4 -9999 -9999 -9999 -9999 -9999 -9999 -9999 -9999 -9999 -9999 -9999 -9999 -9999 1.24974E-3 1.62321E-3 1.87669E-3 1.82987E-2 2.0793E-2 2.82475E-3 2.01239E-3 1.26961E-2 7.81511E-3 7.39776E-3 7.09382E-3 8.43695E-3 1.0732E-2
3.05957E-4 1.29071E-3 1.28674E-3 1.4373E-3 1.90745E-3 1.74275E-3 1.91311E-3 2.95268E-4 -9999 -9999 -9999 -9999 3.04613E-4 2.00226E-4 1.92455E-4 -9999 2.43049E-4 1.86029E-3 1.9317E-3 1.90171E-3 1.6692E-3 1.65952E-3 1.69628E-3 1.85806E-3 1.68837E-3 1.66002E-3 1.59737E-3 1.68426E-3 1.91567E-3 1.87547E-3 1.66592E-3 1.6288E-3 1.43028E-3 1.21473E-3 1.05504E-3 -9999 -9999 -9999 -9999 -9999 -9999 -9999 -9999 -9999 -9999 -9999 -9999 -9999 -9999 1.07502E-3 1.70293E-3 2.0241E-3 2.6002E-3 2.48073E-3 2.45087E-3 2.42053E-3 1.1316E-2 6.91749E-3 1.09393E-2 7.10929E-3
