testfiles/speciesdistributions/Carcharodon_carcharias.asc
ncols         720
nrows         360
xllcorner     -180.00
yllcorner     -90.00
cellsize      0.5
NODATA_value  -9999
[rows 104 to 129 of 360, columns 240 to 299 of 720]
2.46771E-2 2.33489E-2 2.35437E-2 1.75785E-2 1.70312E-2 1.66593E-2 2.14296E-2 1.96644E-2 1.86078E-2 1.70535E-2 1.5484E-2 1.41943E-2 1.3039E-2 1.27436E-2 1.21432E-2 1.14406E-2 1.06631E-2 9.82887E-3 9.4289E-3 9.71863E-3 9.98879E-3 1.00617E-2 9.34292E-3 9.14428E-3 9.47486E-3 1.34712E-2 1.31805E-2 1.41028E-2 1.54779E-2 1.53834E-2 9.27744E-3 1.09341E-2 1.27547E-2 1.45876E-2 1.66412E-2 1.98612E-2 2.04314E-2 2.33948E-2 2.2343E-2 2.60831E-2 2.87328E-2 3.67547E-2 4.54851E-2 5.16865E-2 5.26024E-2 5.88293E-2 7.08077E-2 8.044E-2 1.53699E-1 1.77259E-1 1.99588E-1 2.25949E-1 3.1334E-1 3.93906E-1 4.10053E-1 3.78307E-1 3.94006E-1 4.02094E-1 4.12478E-1 4.5633E-1
2.0426E-2 1.60432E-2 1.86574E-2 1.48795E-2 1.4299E-2 1.92073E-2 1.86679E-2 1.68243E-2 1.58974E-2 1.47236E-2 1.39588E-2 1.31234E-2 1.25739E-2 1.25646E-2 1.18049E-2 1.14609E-2 1.02914E-2 9.64006E-3 9.81587E-3 1.00471E-2 1.03757E-2 1.02464E-2 9.62837E-3 8.94326E-3 8.53459E-3 8.89857E-3 9.86202E-3 8.09998E-3 8.74665E-3 8.80313E-3 9.68053E-3 1.30048E-2 1.41658E-2 1.57173E-2 1.796E-2 2.12108E-2 2.28231E-2 2.70728E-2 2.90119E-2 3.19555E-2 3.93235E-2 4.57873E-2 4.77361E-2 5.01853E-2 6.72111E-2 7.21516E-2 7.60766E-2 9.40169E-2 1.15051E-1 1.87501E-1 2.03978E-1 2.22218E-1 2.75734E-1 3.39701E-1 3.4629E-1 3.45274E-1 3.66738E-1 3.71838E-1 3.51606E-1 3.49601E-1
2.12723E-2 1.97118E-2 1.51578E-2 1.64335E-2 1.24871E-2 1.22445E-2 1.68134E-2 1.63646E-2 1.55766E-2 1.43283E-2 1.30209E-2 1.31658E-2 1.25742E-2 1.22426E-2 1.18459E-2 1.14564E-2 1.05256E-2 1.33236E-2 1.09317E-2 1.08617E-2 1.06479E-2 9.81905E-3 9.23934E-3 8.86367E-3 9.29466E-3 1.09465E-2 1.18321E-2 1.31911E-2 9.81778E-3 1.29418E-2 1.13315E-2 1.46511E-2 1.68756E-2 1.84693E-2 1.89597E-2 2.09633E-2 2.67817E-2 3.30336E-2 2.95673E-2 3.43014E-2 3.68756E-2 4.01973E-2 4.76824E-2 6.48928E-2 7.2126E-2 7.47688E-2 8.38478E-2 9.58646E-2 1.06553E-1 1.76537E-1 1.95675E-1 2.24534E-1 2.4363E-1 2.51615E-1 3.1778E-1 3.19726E-1 3.12319E-1 2.87289E-1 2.91768E-1 3.07953E-1
2.12652E-2 2.38117E-2 1.70781E-2 1.79277E-2 1.33273E-2 1.26729E-2 1.57947E-2 1.52838E-2 1.42829E-2 1.36309E-2 1.24847E-2 1.26402E-2 1.27384E-2 1.2459E-2 1.24641E-2 1.3898E-2 1.16952E-2 1.25399E-2 1.2666E-2 1.1524E-2 7.62133E-3 9.62391E-3 9.78767E-3 9.82914E-3 1.07628E-2 9.80844E-3 1.16598E-2 1.11348E-2 1.10942E-2 1.22648E-2 1.41873E-2 1.76114E-2 1.91972E-2 2.13019E-2 2.26703E-2 2.78962E-2 2.91825E-2 3.61903E-2 3.71595E-2 3.57518E-2 3.60882E-2 4.54982E-2 5.2798E-2 6.40364E-2 7.00354E-2 7.89284E-2 8.89705E-2 9.77056E-2 1.0748E-1 1.18422E-1 1.33861E-1 2.28591E-1 2.39459E-1 2.46167E-1 2.38655E-1 2.29848E-1 2.26375E-1 2.27727E-1 2.37326E-1 2.82256E-1
2.41474E-2 2.11817E-2 2.49295E-2 2.19688E-2 1.65224E-2 1.88199E-2 1.65778E-2 1.13849E-2 1.3703E-2 1.30447E-2 1.27903E-2 1.28267E-2 1.39133E-2 1.34055E-2 1.29109E-2 1.4608E-2 1.83024E-2 1.5639E-2 1.4099E-2 1.01161E-2 9.19508E-3 1.14313E-2 9.19515E-3 1.05988E-2 1.41283E-2 1.31923E-2 1.29005E-2 1.29701E-2 1.36658E-2 1.55102E-2 1.87426E-2 2.08004E-2 2.27258E-2 2.41038E-2 2.67357E-2 2.82751E-2 3.11109E-2 3.28247E-2 3.55046E-2 3.98103E-2 4.24488E-2 4.48391E-2 5.32532E-2 6.46895E-2 7.17987E-2 7.79291E-2 8.7141E-2 9.76522E-2 1.05208E-1 1.13221E-1 1.25224E-1 1.35962E-1 2.22031E-1 2.1493E-1 2.13313E-1 2.19683E-1 2.15657E-1 2.19222E-1 2.20209E-1 2.23953E-1
2.83235E-2 2.57189E-2 2.2911E-2 2.65359E-2 2.39474E-2 2.1286E-2 1.77637E-2 1.61369E-2 1.41173E-2 1.33365E-2 1.33064E-2 1.36725E-2 1.39113E-2 1.42076E-2 1.3895E-2 1.74578E-2 1.66079E-2 1.92013E-2 1.39656E-2 1.30709E-2 1.19842E-2 1.80164E-2 2.0157E-2 2.09938E-2 1.94732E-2 1.59087E-2 1.23968E-2 1.56699E-2 1.93912E-2 2.4981E-2 2.22186E-2 2.41357E-2 3.17588E-2 2.8671E-2 2.863E-2 3.16372E-2 3.37034E-2 3.68675E-2 3.84086E-2 4.04891E-2 4.67669E-2 4.86007E-2 5.84943E-2 6.30676E-2 7.31787E-2 8.46467E-2 9.35655E-2 1.02378E-1 1.07157E-1 1.18482E-1 1.23059E-1 1.32171E-1 1.24906E-1 1.25204E-1 1.26866E-1 1.36845E-1 1.9207E-1 1.79584E-1 1.74038E-1 1.94564E-1
3.28619E-2 3.06232E-2 2.67908E-2 2.33573E-2 2.6165E-2 2.29251E-2 2.15901E-2 1.66953E-2 1.5518E-2 1.50767E-2 1.50079E-2 1.49521E-2 1.57127E-2 1.61272E-2 1.73301E-2 1.62329E-2 1.77663E-2 1.42462E-2 2.24471E-2 2.5835E-2 3.07522E-2 1.63705E-2 1.73235E-2 1.68457E-2 1.4817E-2 1.45479E-2 1.69383E-2 1.81192E-2 2.04391E-2 2.55379E-2 2.62613E-2 2.73667E-2 2.93638E-2 3.18552E-2 3.50643E-2 3.82541E-2 3.98988E-2 4.18988E-2 4.39908E-2 5.09126E-2 5.24079E-2 5.59463E-2 5.81132E-2 6.62045E-2 7.80388E-2 8.70441E-2 9.93224E-2 1.03934E-1 1.07353E-1 1.04643E-1 1.08837E-1 1.05051E-1 1.05379E-1 1.08908E-1 1.08573E-1 1.01668E-1 8.52509E-2 1.0738E-1 1.50862E-1 1.77641E-1
3.71667E-2 3.34657E-2 2.86829E-2 2.59967E-2 2.31828E-2 2.53412E-2 2.17748E-2 1.834E-2 1.75876E-2 1.71762E-2 1.73713E-2 1.78909E-2 1.87536E-2 1.94689E-2 2.20618E-2 1.92395E-2 2.36051E-2 1.73371E-2 2.15352E-2 2.2294E-2 1.41699E-2 1.33355E-2 1.33273E-2 1.51056E-2 1.66853E-2 1.70241E-2 1.68005E-2 1.78595E-2 1.91635E-2 2.22807E-2 2.86764E-2 2.95438E-2 3.21615E-2 3.61234E-2 4.25721E-2 4.27612E-2 4.52504E-2 4.71932E-2 4.86614E-2 5.32432E-2 5.61928E-2 5.99826E-2 6.38446E-2 7.11649E-2 7.63552E-2 8.38388E-2 9.11923E-2 7.85326E-2 7.50525E-2 7.22651E-2 6.77477E-2 6.7362E-2 6.50697E-2 6.69448E-2 6.26711E-2 5.7429E-2 5.3322E-2 7.17953E-2 7.79313E-2 1.13936E-1
4.12833E-2 3.68503E-2 3.19416E-2 2.97343E-2 2.72774E-2 2.43755E-2 2.58773E-2 2.03985E-2 1.86592E-2 1.83956E-2 1.98981E-2 2.08609E-2 2.1184E-2 2.21957E-2 2.44612E-2 2.47811E-2 2.43633E-2 2.39023E-2 2.47692E-2 1.78773E-2 1.71402E-2 1.73475E-2 1.7658E-2 1.74964E-2 1.85397E-2 1.89634E-2 2.0435E-2 1.99086E-2 2.19868E-2 2.64386E-2 2.72854E-2 3.58349E-2 3.69051E-2 4.01797E-2 4.36818E-2 4.2916E-2 4.47634E-2 5.36188E-2 5.50993E-2 6.14435E-2 6.6038E-2 6.57894E-2 7.1558E-2 6.85113E-2 7.34688E-2 8.16994E-2 7.22917E-2 5.57446E-2 4.92938E-2 4.5905E-2 4.49067E-2 4.25203E-2 4.29628E-2 4.7222E-2 4.57865E-2 4.23902E-2 4.22771E-2 4.31381E-2 4.80762E-2 5.846E-2
4.32741E-2 4.03122E-2 3.61194E-2 3.18949E-2 3.02585E-2 2.67206E-2 3.83348E-2 2.35436E-2 2.18775E-2 2.25098E-2 3.0304E-2 2.45043E-2 2.4295E-2 2.46714E-2 2.6595E-2 2.86986E-2 2.95037E-2 2.82715E-2 2.28017E-2 2.01921E-2 2.68268E-2 2.69403E-2 2.15773E-2 2.137E-2 2.04011E-2 2.18495E-2 2.26909E-2 2.31813E-2 2.47456E-2 2.6851E-2 3.21513E-2 3.88472E-2 3.97437E-2 4.06499E-2 4.34989E-2 4.63951E-2 5.23803E-2 5.46083E-2 5.84759E-2 6.64405E-2 7.11507E-2 7.31526E-2 5.90793E-2 6.13187E-2 6.64656E-2 6.5549E-2 5.3322E-2 4.17026E-2 3.85359E-2 3.76977E-2 3.54783E-2 3.72078E-2 3.61215E-2 3.6189E-2 3.7134E-2 3.70762E-2 3.74792E-2 4.01189E-2 3.94766E-2 4.93206E-2
4.70422E-2 4.05425E-2 3.9586E-2 4.43896E-2 3.39217E-2 3.94118E-2 3.22298E-2 2.79896E-2 2.67559E-2 2.65306E-2 3.80156E-2 3.6445E-2 2.71309E-2 2.78605E-2 3.09253E-2 3.44709E-2 3.2538E-2 3.381E-2 3.67095E-2 2.83855E-2 2.46562E-2 3.1173E-2 2.40815E-2 2.23457E-2 2.48276E-2 2.29636E-2 2.48208E-2 2.57404E-2 2.67432E-2 3.1429E-2 3.37461E-2 3.40583E-2 4.05499E-2 4.19766E-2 4.45855E-2 5.24508E-2 5.03389E-2 5.43253E-2 6.47253E-2 7.25413E-2 6.57881E-2 5.00263E-2 4.32941E-2 4.01394E-2 4.14656E-2 4.15988E-2 3.83766E-2 3.39897E-2 3.03599E-2 3.15056E-2 2.86853E-2 2.7539E-2 3.01529E-2 3.07218E-2 3.00145E-2 3.00913E-2 2.83949E-2 2.96827E-2 3.65553E-2 3.71707E-2
4.65342E-2 4.37493E-2 5.09512E-2 4.79054E-2 4.42457E-2 3.8022E-2 3.39639E-2 3.19791E-2 3.10327E-2 3.21893E-2 3.26705E-2 3.22282E-2 3.1388E-2 3.21056E-2 3.23448E-2 3.59821E-2 3.58098E-2 3.56388E-2 3.64182E-2 2.93765E-2 2.72071E-2 2.44204E-2 2.43677E-2 2.69824E-2 2.60169E-2 2.75532E-2 2.75957E-2 2.8301E-2 3.05361E-2 3.23598E-2 3.53597E-2 3.29048E-2 3.78788E-2 4.17094E-2 5.15442E-2 5.65489E-2 4.12E-2 4.07693E-2 4.77476E-2 4.99537E-2 4.58957E-2 3.64371E-2 3.5245E-2 3.49757E-2 3.30106E-2 3.37812E-2 3.26173E-2 3.20051E-2 2.83195E-2 2.51249E-2 2.41864E-2 2.61221E-2 2.49924E-2 2.37809E-2 2.35443E-2 2.48457E-2 2.56403E-2 2.8621E-2 3.07745E-2 2.85495E-2
6.57488E-2 5.92651E-2 5.66623E-2 4.97913E-2 4.512E-2 4.20461E-2 3.8251E-2 3.47814E-2 3.3575E-2 3.49769E-2 3.53385E-2 3.44415E-2 3.52663E-2 3.61325E-2 3.7249E-2 3.70579E-2 3.6492E-2 3.98938E-2 4.03603E-2 3.36109E-2 2.97091E-2 3.18066E-2 3.68168E-2 3.38166E-2 2.83815E-2 2.33876E-2 2.18925E-2 2.07008E-2 2.77587E-2 3.36861E-2 3.15593E-2 3.3366E-2 3.90275E-2 3.78786E-2 4.93849E-2 4.21312E-2 3.51307E-2 3.7994E-2 3.82793E-2 3.92606E-2 3.67265E-2 3.3931E-2 3.47975E-2 3.4519E-2 3.41293E-2 3.17545E-2 2.92864E-2 2.73196E-2 3.01363E-2 2.56455E-2 2.47344E-2 2.26965E-2 2.1018E-2 2.06604E-2 2.19034E-2 2.10966E-2 2.30297E-2 2.42108E-2 2.25683E-2 2.29384E-2
6.66858E-2 5.97704E-2 5.76056E-2 6.17317E-2 4.89877E-2 4.52594E-2 4.08958E-2 3.81193E-2 3.69553E-2 3.70498E-2 3.69933E-2 3.88407E-2 3.7591E-2 3.78401E-2 3.88228E-2 3.88173E-2 3.88495E-2 3.84131E-2 4.03182E-2 3.12022E-2 2.40392E-2 3.06426E-2 2.32144E-2 2.22951E-2 2.11615E-2 2.21762E-2 1.83478E-2 1.83156E-2 2.12724E-2 2.34611E-2 2.40986E-2 2.27923E-2 2.4315E-2 2.61689E-2 2.81972E-2 3.27805E-2 3.67975E-2 3.55333E-2 4.04121E-2 3.68285E-2 3.49376E-2 3.30547E-2 3.2538E-2 3.1848E-2 3.23058E-2 3.15489E-2 2.82775E-2 2.69528E-2 2.69611E-2 2.39448E-2 2.31828E-2 2.31482E-2 2.11427E-2 2.21354E-2 2.20767E-2 1.96567E-2 2.01358E-2 2.12238E-2 2.2536E-2 2.18017E-2
6.78311E-2 6.15678E-2 6.00846E-2 5.67927E-2 5.16662E-2 4.84124E-2 4.42411E-2 4.00264E-2 3.8367E-2 3.80055E-2 3.9085E-2 4.05246E-2 3.88947E-2 3.71526E-2 3.28593E-2 2.66862E-2 2.8281E-2 3.06057E-2 2.34003E-2 1.86837E-2 1.51944E-2 1.43979E-2 1.24986E-2 1.27351E-2 1.31149E-2 1.39451E-2 1.53779E-2 1.58471E-2 1.67879E-2 2.03938E-2 1.95478E-2 1.86112E-2 1.94327E-2 2.26062E-2 2.44386E-2 2.66645E-2 2.93924E-2 3.5844E-2 3.49327E-2 3.36941E-2 3.29614E-2 3.2044E-2 3.22215E-2 3.24218E-2 2.86911E-2 2.76926E-2 2.70318E-2 2.55695E-2 2.38836E-2 2.28068E-2 2.08403E-2 2.04962E-2 1.99997E-2 2.00702E-2 2.01537E-2 1.93284E-2 1.94293E-2 1.94785E-2 1.88979E-2 1.90284E-2
6.45828E-2 6.0886E-2 6.05163E-2 5.27043E-2 4.07407E-2 3.37333E-2 3.5162E-2 3.52743E-2 3.55677E-2 3.51223E-2 4.32992E-2 3.89341E-2 3.04231E-2 2.7787E-2 1.85265E-2 1.79355E-2 1.83568E-2 1.8015E-2 1.11696E-2 1.13411E-2 1.12089E-2 1.05581E-2 1.17812E-2 1.1198E-2 1.18663E-2 1.24704E-2 1.25761E-2 1.42587E-2 1.52646E-2 1.70404E-2 1.72328E-2 1.7271E-2 2.04906E-2 2.18577E-2 2.59948E-2 2.82767E-2 2.79206E-2 2.73837E-2 3.17327E-2 3.09027E-2 3.13745E-2 3.2546E-2 3.05663E-2 2.95583E-2 2.81285E-2 2.70926E-2 2.51771E-2 2.44006E-2 2.30496E-2 2.08083E-2 2.00518E-2 1.94982E-2 1.9496E-2 1.91007E-2 1.90323E-2 1.93144E-2 1.92825E-2 1.85736E-2 1.83181E-2 1.83519E-2
5.94959E-2 5.73498E-2 4.98976E-2 4.23788E-2 3.01287E-2 2.29417E-2 2.20846E-2 2.38292E-2 2.67152E-2 2.82367E-2 2.13075E-2 1.98057E-2 1.77323E-2 1.70012E-2 1.38166E-2 1.38586E-2 1.47951E-2 1.4263E-2 1.00347E-2 9.95527E-3 9.3675E-3 9.84393E-3 1.00251E-2 1.15968E-2 1.15282E-2 1.12584E-2 1.18324E-2 1.18294E-2 1.37559E-2 1.60879E-2 1.70589E-2 1.90066E-2 2.04072E-2 2.30858E-2 2.56101E-2 2.70985E-2 2.47424E-2 2.51301E-2 2.17744E-2 2.69417E-2 2.64354E-2 2.86492E-2 3.15412E-2 2.68448E-2 2.59026E-2 2.67718E-2 2.43561E-2 2.30716E-2 2.3313E-2 2.05175E-2 1.91914E-2 1.95376E-2 1.97505E-2 1.9783E-2 2.00375E-2 2.19185E-2 2.2547E-2 2.10471E-2 1.9922E-2 1.93759E-2
2.83782E-2 2.51008E-2 2.18332E-2 1.99071E-2 1.74473E-2 1.44988E-2 1.4718E-2 1.47469E-2 1.50039E-2 1.33141E-2 1.30687E-2 1.31153E-2 1.33078E-2 1.28775E-2 1.26829E-2 1.21039E-2 1.27855E-2 1.02003E-2 1.11161E-2 8.71211E-3 9.09609E-3 9.0832E-3 9.10934E-3 9.90629E-3 1.03797E-2 1.11329E-2 1.2009E-2 1.18579E-2 1.32728E-2 1.41863E-2 1.66331E-2 1.82521E-2 2.08884E-2 2.22891E-2 2.28058E-2 2.17876E-2 2.14045E-2 2.13414E-2 2.25061E-2 2.0813E-2 2.22171E-2 2.65017E-2 2.68863E-2 2.39816E-2 2.42341E-2 2.41999E-2 2.39584E-2 2.14533E-2 2.08619E-2 2.12932E-2 2.03222E-2 2.00441E-2 2.22295E-2 2.05346E-2 2.06195E-2 1.96726E-2 2.20728E-2 1.85621E-2 1.89126E-2 1.88161E-2
1.89997E-2 2.0419E-2 1.42257E-2 1.66496E-2 1.18957E-2 1.13548E-2 1.19217E-2 1.20072E-2 1.15024E-2 1.14768E-2 1.17605E-2 1.13542E-2 1.20836E-2 1.19667E-2 1.20099E-2 1.23541E-2 1.16634E-2 9.96562E-3 1.09225E-2 8.31654E-3 7.85816E-3 8.51939E-3 8.64059E-3 8.94231E-3 9.33193E-3 9.56052E-3 1.07507E-2 1.09971E-2 1.26108E-2 1.2841E-2 1.51517E-2 1.76391E-2 1.87579E-2 1.9678E-2 1.87316E-2 1.79029E-2 1.61781E-2 1.6893E-2 1.66484E-2 1.67894E-2 1.62416E-2 1.55205E-2 1.62303E-2 2.039E-2 2.03915E-2 2.03661E-2 2.11451E-2 2.21935E-2 2.13687E-2 2.14004E-2 2.1262E-2 2.10699E-2 1.96166E-2 1.91868E-2 1.87413E-2 1.87156E-2 1.89322E-2 1.88285E-2 1.80876E-2 1.9193E-2
1.38734E-2 1.66371E-2 1.48303E-2 1.36566E-2 9.82276E-3 9.85636E-3 1.01118E-2 1.25475E-2 1.05911E-2 9.59861E-3 9.5499E-3 1.10342E-2 1.10038E-2 1.05829E-2 1.06202E-2 1.06321E-2 1.11092E-2 9.59172E-3 7.83368E-3 7.56106E-3 7.52687E-3 7.92073E-3 8.48517E-3 8.11317E-3 8.9487E-3 9.54174E-3 1.01473E-2 1.11364E-2 1.19826E-2 1.27427E-2 1.5213E-2 1.7023E-2 1.69535E-2 1.77412E-2 1.67639E-2 1.57449E-2 1.42168E-2 1.35565E-2 1.35071E-2 1.37946E-2 1.52251E-2 1.3556E-2 1.38949E-2 1.5457E-2 1.5542E-2 1.5517E-2 1.97608E-2 2.10742E-2 2.17744E-2 2.13974E-2 2.29207E-2 1.92083E-2 2.00363E-2 1.97425E-2 1.94469E-2 1.95134E-2 1.96517E-2 1.889E-2 1.76377E-2 1.72451E-2
1.41462E-2 1.30898E-2 1.22262E-2 1.1606E-2 1.10881E-2 1.15924E-2 1.15749E-2 9.41211E-3 8.4673E-3 8.46202E-3 9.92396E-3 8.62704E-3 8.87564E-3 9.01633E-3 1.03806E-2 1.05909E-2 9.16901E-3 7.14294E-3 7.52439E-3 7.06279E-3 7.25504E-3 7.58562E-3 8.17188E-3 8.45031E-3 9.03967E-3 9.28093E-3 9.39941E-3 1.01566E-2 1.02298E-2 1.24355E-2 1.51433E-2 1.587E-2 1.67451E-2 1.59146E-2 1.3229E-2 1.3008E-2 1.29429E-2 1.2195E-2 1.2368E-2 1.18175E-2 1.26304E-2 1.26817E-2 1.1534E-2 1.22991E-2 1.27847E-2 1.37778E-2 1.44262E-2 1.55881E-2 1.57411E-2 2.02779E-2 1.92677E-2 2.01041E-2 1.94803E-2 1.89681E-2 2.35395E-2 1.83368E-2 1.80543E-2 1.88054E-2 1.77268E-2 1.7645E-2
1.16203E-2 1.12744E-2 1.07004E-2 9.97376E-3 1.03919E-2 1.03713E-2 1.02634E-2 8.90639E-3 9.14815E-3 7.67979E-3 9.57926E-3 9.3835E-3 9.76672E-3 1.00004E-2 9.52066E-3 1.0138E-2 8.66783E-3 8.48966E-3 6.81099E-3 7.32353E-3 7.25573E-3 7.48412E-3 8.04251E-3 8.11001E-3 8.33264E-3 9.12781E-3 9.11749E-3 1.01089E-2 1.06334E-2 1.12102E-2 1.43663E-2 1.48568E-2 1.51672E-2 1.44859E-2 1.27096E-2 1.24096E-2 1.1714E-2 1.19708E-2 1.18874E-2 1.09428E-2 1.17971E-2 1.07475E-2 1.04172E-2 1.17114E-2 1.138E-2 1.23385E-2 1.38605E-2 1.51367E-2 1.56799E-2 1.59988E-2 1.55153E-2 2.00599E-2 2.35939E-2 1.84174E-2 2.51649E-2 2.2162E-2 2.32031E-2 2.27191E-2 2.29541E-2 2.41028E-2
9.2416E-3 8.04372E-3 8.29526E-3 8.68389E-3 8.64036E-3 9.34947E-3 8.2379E-3 9.95872E-3 8.67212E-3 8.95573E-3 9.32248E-3 7.71512E-3 9.28294E-3 8.98573E-3 9.00443E-3 7.25606E-3 8.33007E-3 7.24736E-3 6.79336E-3 6.62665E-3 7.11455E-3 7.30127E-3 7.68314E-3 7.96366E-3 8.66307E-3 9.97176E-3 1.00644E-2 9.9443E-3 1.16392E-2 1.4328E-2 1.47462E-2 1.59162E-2 1.481E-2 1.25737E-2 1.22458E-2 1.23996E-2 1.28421E-2 1.173E-2 1.18493E-2 1.19087E-2 1.1056E-2 1.06965E-2 1.18663E-2 1.1359E-2 1.15881E-2 1.35522E-2 1.38254E-2 1.44177E-2 1.5323E-2 1.93265E-2 1.84632E-2 1.92749E-2 1.97265E-2 2.27787E-2 2.31296E-2 2.26837E-2 2.30718E-2 2.24345E-2 2.3242E-2 2.34114E-2
8.05268E-3 7.87538E-3 8.0987E-3 7.84037E-3 7.88171E-3 8.05235E-3 7.24756E-3 7.38158E-3 8.21555E-3 8.66809E-3 8.96223E-3 8.80635E-3 7.57342E-3 8.94892E-3 9.50505E-3 6.66874E-3 7.65418E-3 7.96887E-3 7.03268E-3 7.16733E-3 7.14853E-3 7.027E-3 7.49194E-3 8.38835E-3 8.09225E-3 9.1779E-3 1.00549E-2 1.16849E-2 1.29339E-2 1.58186E-2 1.64547E-2 1.75142E-2 1.59603E-2 1.38407E-2 1.34388E-2 1.3254E-2 1.30192E-2 1.30202E-2 1.39324E-2 1.24221E-2 1.14199E-2 1.15491E-2 1.16551E-2 1.20501E-2 1.25566E-2 1.27091E-2 1.40465E-2 2.03454E-2 1.98411E-2 1.98403E-2 2.00066E-2 1.88993E-2 2.30248E-2 2.92143E-2 2.35641E-2 2.27005E-2 2.25516E-2 2.86073E-2 2.36367E-2 2.39565E-2
6.26854E-3 8.00462E-3 7.93215E-3 7.67376E-3 7.11063E-3 8.22761E-3 7.21558E-3 5.79987E-3 7.2464E-3 7.63121E-3 7.65787E-3 7.55866E-3 6.5393E-3 7.30237E-3 8.22821E-3 6.54193E-3 5.52349E-3 6.53683E-3 6.93643E-3 6.92754E-3 6.62452E-3 6.99006E-3 7.32286E-3 8.46237E-3 9.94607E-3 9.70892E-3 1.10666E-2 1.24428E-2 1.6434E-2 1.69396E-2 1.91413E-2 1.73459E-2 1.55384E-2 1.51195E-2 1.44134E-2 1.55183E-2 1.47069E-2 1.39051E-2 1.34317E-2 1.25945E-2 1.23562E-2 1.2505E-2 1.26368E-2 1.57312E-2 1.35157E-2 1.84896E-2 1.57639E-2 2.09247E-2 2.11284E-2 2.16884E-2 2.03704E-2 2.97331E-2 3.07586E-2 2.44119E-2 2.34839E-2 3.02241E-2 2.95286E-2 2.83357E-2 2.3157E-2 2.36756E-2
4.75374E-3 5.75929E-3 5.60523E-3 6.06253E-3 6.37896E-3 6.43391E-3 6.51739E-3 6.91366E-3 7.05606E-3 7.78223E-3 7.22739E-3 9.12299E-3 7.98416E-3 6.46968E-3 6.81694E-3 7.75994E-3 8.90285E-3 5.86561E-3 6.01405E-3 7.00532E-3 6.81867E-3 7.29085E-3 8.65797E-3 9.13149E-3 9.50452E-3 1.0458E-2 1.27311E-2 1.59266E-2 1.98938E-2 1.83447E-2 1.92739E-2 1.59808E-2 1.60212E-2 1.58539E-2 1.60135E-2 1.59438E-2 1.50432E-2 1.48662E-2 1.41233E-2 1.33025E-2 1.31503E-2 1.36746E-2 1.40428E-2 1.48756E-2 1.61805E-2 2.02971E-2 2.12539E-2 2.2497E-2 2.15101E-2 2.11997E-2 3.14068E-2 3.10968E-2 2.39026E-2 2.49669E-2 2.99323E-2 3.04683E-2 2.30157E-2 2.40912E-2 2.33762E-2 2.46028E-2
