testfiles/speciesdistributions/Carcharodon_carcharias.asc
ncols         720
nrows         360
xllcorner     -180.00
yllcorner     -90.00
cellsize      0.5
NODATA_value  -9999
[rows 130 to 155 of 360, columns 120 to 179 of 720]
3.03986E-2 4.26508E-2 4.5455E-2 6.21264E-2 1.12434E-1 1.58771E-1 1.79814E-1 1.71523E-1 2.62623E-1 2.13207E-1 2.00161E-1 2.34109E-1 2.85903E-1 3.30331E-1 5.85775E-1 7.51076E-1 7.31806E-1 -9999 7.02739E-1 6.96462E-1 5.61139E-1 4.68056E-1 5.29512E-1 5.08041E-1 5.09714E-1 -9999 -9999 -9999 -9999 -9999 -9999 -9999 -9999 -9999 -9999 -9999 -9999 -9999 -9999 -9999 -9999 -9999 -9999 -9999 6.71015E-1 6.8173E-1 2.6884E-1 1.61847E-1 8.68658E-2 6.46836E-2 4.5633E-2 3.82046E-2 2.7273E-2 2.61863E-2 2.54089E-2 2.64722E-2 2.82164E-2 3.00227E-2 3.11703E-2 3.29094E-2
2.75481E-2 3.4035E-2 3.94021E-2 3.89815E-2 3.9634E-2 8.05583E-2 1.02925E-1 1.43855E-1 1.6609E-1 1.95744E-1 1.94272E-1 2.20982E-1 2.69196E-1 2.65996E-1 4.82724E-1 5.99905E-1 6.64268E-1 7.50635E-1 7.2047E-1 6.95581E-1 6.72124E-1 5.11822E-1 4.56706E-1 5.23397E-1 5.80306E-1 5.692E-1 -9999 -9999 -9999 -9999 -9999 -9999 -9999 -9999 -9999 -9999 -9999 -9999 -9999 -9999 -9999 -9999 -9999 -9999 6.85946E-1 6.28071E-1 1.94904E-1 9.32874E-2 6.46451E-2 4.89895E-2 3.94282E-2 2.79541E-2 2.56797E-2 2.49082E-2 2.53102E-2 2.7127E-2 2.89687E-2 3.0263E-2 3.19424E-2 3.42668E-2
2.47606E-2 2.69482E-2 2.9437E-2 3.56113E-2 3.56081E-2 3.88296E-2 6.96645E-2 8.47211E-2 9.88512E-2 1.2019E-1 1.60703E-1 2.57397E-1 2.08248E-1 2.61284E-1 3.64299E-1 4.9884E-1 6.0563E-1 6.10047E-1 7.5113E-1 5.60446E-1 5.6899E-1 6.09918E-1 4.52849E-1 4.63593E-1 4.09157E-1 6.084E-1 4.80826E-1 -9999 -9999 -9999 -9999 -9999 -9999 -9999 -9999 -9999 -9999 -9999 -9999 -9999 -9999 -9999 -9999 -9999 6.76425E-1 4.69802E-1 1.57106E-1 8.26167E-2 6.28777E-2 5.15417E-2 3.57275E-2 2.55285E-2 2.47568E-2 2.49417E-2 2.76043E-2 2.96313E-2 3.07859E-2 4.00475E-2 4.26798E-2 7.72897E-2
2.45186E-2 2.21692E-2 2.24169E-2 2.86621E-2 2.9239E-2 3.08063E-2 3.55177E-2 6.50301E-2 7.40645E-2 7.96201E-2 1.03983E-1 1.33047E-1 1.53585E-1 2.19895E-1 2.20337E-1 2.72115E-1 5.16598E-1 5.56482E-1 5.86042E-1 6.87532E-1 5.6457E-1 6.25792E-1 4.44199E-1 4.01537E-1 3.915E-1 4.15196E-1 4.69132E-1 4.7728E-1 -9999 -9999 -9999 -9999 -9999 -9999 -9999 -9999 -9999 -9999 -9999 -9999 -9999 -9999 -9999 -9999 6.41242E-1 4.95183E-1 1.42162E-1 7.87263E-2 6.17553E-2 4.87403E-2 3.23051E-2 2.47136E-2 2.40603E-2 2.67875E-2 3.14903E-2 3.42621E-2 4.51465E-2 5.07617E-2 8.61078E-2 1.20771E-1
2.18847E-2 2.73011E-2 2.46421E-2 2.90298E-2 2.32279E-2 2.91127E-2 2.75736E-2 3.33993E-2 6.19155E-2 5.79721E-2 6.0143E-2 8.36303E-2 1.00253E-1 1.28665E-1 1.75623E-1 2.43121E-1 4.06751E-1 4.55713E-1 5.25858E-1 6.08376E-1 6.39153E-1 5.35199E-1 4.28622E-1 3.85638E-1 3.72664E-1 3.96328E-1 4.10213E-1 5.0437E-1 3.85375E-1 -9999 -9999 -9999 -9999 -9999 -9999 -9999 -9999 -9999 -9999 -9999 -9999 -9999 -9999 -9999 7.02644E-1 4.87039E-1 1.25197E-1 7.46104E-2 5.56324E-2 4.47646E-2 3.24384E-2 2.49856E-2 2.41221E-2 2.82271E-2 3.65063E-2 6.43828E-2 1.07047E-1 1.75207E-1 2.56139E-1 3.52155E-1
2.10799E-2 2.71128E-2 2.76236E-2 2.52466E-2 2.93588E-2 2.79377E-2 3.3123E-2 3.1207E-2 3.03202E-2 7.1685E-2 6.32535E-2 6.62874E-2 8.96351E-2 1.13067E-1 1.44984E-1 1.90096E-1 2.65038E-1 3.27407E-1 4.64129E-1 4.7179E-1 4.64023E-1 4.62662E-1 4.30766E-1 3.50027E-1 3.1366E-1 3.4276E-1 3.46844E-1 4.24018E-1 5.75962E-1 -9999 -9999 -9999 -9999 -9999 -9999 -9999 -9999 -9999 -9999 -9999 -9999 -9999 -9999 -9999 6.7396E-1 4.88388E-1 1.3172E-1 6.96624E-2 7.79744E-2 6.4721E-2 5.27571E-2 4.39819E-2 3.55178E-2 4.66202E-2 5.82773E-2 1.40604E-1 3.05037E-1 3.84013E-1 3.71091E-1 3.59032E-1
1.91666E-2 2.74141E-2 4.06961E-2 2.9759E-2 2.96857E-2 3.1979E-2 4.3484E-2 6.02371E-2 8.06268E-2 6.72705E-2 6.51575E-2 6.94001E-2 8.19866E-2 8.75669E-2 1.51619E-1 2.00175E-1 2.58447E-1 3.77718E-1 4.31053E-1 4.14598E-1 4.47447E-1 4.34996E-1 3.89835E-1 3.50552E-1 3.14553E-1 3.42097E-1 5.48703E-1 4.79233E-1 5.8029E-1 4.3127E-1 -9999 -9999 -9999 -9999 -9999 -9999 -9999 -9999 -9999 -9999 -9999 -9999 -9999 -9999 5.87539E-1 6.03154E-1 1.70835E-1 1.03652E-1 8.61786E-2 6.75789E-2 5.76231E-2 5.71298E-2 4.49652E-2 4.70161E-2 8.29793E-2 1.62703E-1 3.53989E-1 3.58171E-1 3.69035E-1 3.6226E-1
3.1618E-2 3.74429E-2 3.56756E-2 3.2676E-2 3.38248E-2 6.53792E-2 6.38534E-2 7.88741E-2 8.33343E-2 7.93935E-2 9.71234E-2 8.1169E-2 9.22287E-2 1.03365E-1 1.34385E-1 2.07287E-1 2.34962E-1 2.93064E-1 3.98232E-1 4.12378E-1 4.14745E-1 3.95068E-1 3.55383E-1 3.53473E-1 3.12234E-1 3.09411E-1 2.77236E-1 4.69505E-1 3.86719E-1 5.32995E-1 -9999 -9999 -9999 -9999 -9999 -9999 -9999 -9999 -9999 -9999 -9999 -9999 -9999 -9999 -9999 6.55972E-1 2.24457E-1 1.23008E-1 9.43881E-2 7.69929E-2 6.20153E-2 6.46951E-2 6.2402E-2 6.56669E-2 7.35005E-2 1.36493E-1 2.92534E-1 3.38351E-1 3.55664E-1 4.14289E-1
2.79186E-2 4.0183E-2 3.64029E-2 4.63704E-2 6.37007E-2 7.05154E-2 8.67608E-2 7.14849E-2 1.18803E-1 1.28141E-1 1.27798E-1 1.27314E-1 1.37303E-1 1.20454E-1 3.17276E-1 2.46259E-1 3.13938E-1 3.23651E-1 3.36874E-1 3.87993E-1 3.87879E-1 3.74372E-1 3.25913E-1 2.83633E-1 2.88386E-1 2.95252E-1 2.22807E-1 2.4756E-1 4.72031E-1 5.26169E-1 -9999 -9999 -9999 -9999 -9999 -9999 -9999 -9999 -9999 -9999 -9999 -9999 -9999 -9999 -9999 5.78799E-1 4.88392E-1 1.63675E-1 1.10869E-1 8.75023E-2 7.15618E-2 7.67098E-2 7.56391E-2 8.70811E-2 8.6612E-2 1.77662E-1 3.38326E-1 3.54972E-1 3.27659E-1 3.29082E-1
3.57356E-2 3.71342E-2 4.2031E-2 6.67181E-2 7.91986E-2 8.54115E-2 1.0539E-1 1.29092E-1 1.36939E-1 1.37347E-1 1.45527E-1 1.50969E-1 1.56335E-1 1.74537E-1 2.20053E-1 2.77861E-1 4.28552E-1 4.5407E-1 3.55948E-1 4.2918E-1 4.01756E-1 3.64202E-1 3.17187E-1 2.5081E-1 2.64654E-1 2.74281E-1 2.2107E-1 2.52631E-1 4.3213E-1 3.54905E-1 -9999 -9999 -9999 -9999 -9999 -9999 -9999 -9999 -9999 -9999 -9999 -9999 -9999 -9999 -9999 -9999 6.29578E-1 4.98995E-1 1.27176E-1 9.5966E-2 8.82626E-2 1.03297E-1 9.91614E-2 1.17477E-1 1.22552E-1 1.24162E-1 3.04057E-1 3.26498E-1 3.28865E-1 3.70497E-1
3.62379E-2 3.99347E-2 4.4788E-2 8.08969E-2 8.24701E-2 1.08632E-1 1.20482E-1 1.23313E-1 1.58669E-1 1.71024E-1 1.73744E-1 1.85866E-1 2.16108E-1 2.40936E-1 2.56894E-1 2.92978E-1 3.45327E-1 3.53364E-1 3.76731E-1 4.06975E-1 3.80032E-1 3.64957E-1 2.71143E-1 2.57495E-1 2.50723E-1 2.57595E-1 2.24697E-1 1.58092E-1 3.12543E-1 4.66691E-1 -9999 -9999 -9999 -9999 -9999 -9999 -9999 -9999 -9999 -9999 -9999 -9999 -9999 -9999 -9999 -9999 -9999 6.63796E-1 2.22073E-1 1.14856E-1 1.14139E-1 1.26097E-1 1.70183E-1 2.13082E-1 2.53099E-1 2.30159E-1 2.62723E-1 3.4046E-1 4.17991E-1 4.46856E-1
4.12474E-2 4.68112E-2 7.43563E-2 7.97574E-2 8.45035E-2 1.16938E-1 1.38438E-1 1.50556E-1 2.7682E-1 2.26096E-1 2.28742E-1 2.22364E-1 2.39206E-1 2.32881E-1 2.25167E-1 3.31284E-1 4.55502E-1 4.3253E-1 5.92598E-1 3.81017E-1 3.28761E-1 2.12168E-1 1.80608E-1 1.87761E-1 2.45381E-1 2.40012E-1 1.58376E-1 2.17969E-1 1.49578E-1 3.24161E-1 5.14279E-1 4.8369E-1 -9999 -9999 -9999 -9999 -9999 -9999 -9999 -9999 -9999 -9999 -9999 -9999 -9999 -9999 -9999 5.07067E-1 5.74328E-1 5.11085E-1 2.2968E-1 2.49311E-1 4.63442E-1 4.25287E-1 5.53645E-1 5.20852E-1 4.62847E-1 3.77883E-1 4.54382E-1 -9999
6.08004E-2 7.72067E-2 1.05882E-1 9.71859E-2 9.27763E-2 1.30464E-1 1.87138E-1 1.82876E-1 2.03197E-1 2.16391E-1 2.70979E-1 2.80213E-1 2.72844E-1 2.49906E-1 2.41937E-1 3.32803E-1 4.14356E-1 4.81343E-1 5.62353E-1 3.32615E-1 2.86075E-1 1.93916E-1 1.65517E-1 2.17012E-1 2.23981E-1 2.52557E-1 2.5663E-1 2.28918E-1 2.13322E-1 1.88959E-1 2.65634E-1 3.88567E-1 4.62775E-1 -9999 -9999 -9999 -9999 -9999 -9999 -9999 -9999 -9999 -9999 -9999 -9999 -9999 -9999 -9999 4.89642E-1 5.71296E-1 6.28352E-1 4.63453E-1 5.45038E-1 3.92307E-1 4.3474E-1 4.68238E-1 4.90384E-1 4.50278E-1 -9999 -9999
9.40068E-2 9.4862E-2 1.29665E-1 1.44344E-1 1.83309E-1 2.10984E-1 1.82606E-1 2.05532E-1 2.16958E-1 2.28882E-1 5.84198E-1 3.27061E-1 4.23739E-1 2.49234E-1 2.16623E-1 3.36384E-1 3.76903E-1 2.31484E-1 2.30868E-1 2.25791E-1 1.99815E-1 1.79439E-1 1.43056E-1 1.26357E-1 1.00549E-1 1.21489E-1 2.13825E-1 2.49687E-1 2.29544E-1 2.21801E-1 1.65639E-1 1.93798E-1 2.97052E-1 2.81954E-1 1.74348E-1 9.94454E-2 -9999 -9999 -9999 -9999 -9999 -9999 -9999 -9999 -9999 -9999 -9999 -9999 -9999 -9999 4.86666E-1 5.01192E-1 4.34146E-1 2.10394E-1 1.91935E-1 -9999 2.12188E-1 -9999 -9999 -9999
9.47011E-2 9.03144E-2 1.42996E-1 1.75064E-1 1.69331E-1 2.04192E-1 2.07644E-1 2.10406E-1 2.39641E-1 2.15285E-1 2.57885E-1 2.29285E-1 2.33257E-1 2.04293E-1 1.62481E-1 1.90919E-1 2.48617E-1 2.91334E-1 2.96165E-1 1.87339E-1 1.63171E-1 1.41527E-1 1.34199E-1 1.0279E-1 7.23988E-2 1.14737E-1 1.17603E-1 1.42579E-1 1.98669E-1 1.93568E-1 2.01461E-1 1.10493E-1 3.20471E-2 6.37481E-2 7.7004E-2 1.46469E-1 1.15161E-1 1.47571E-1 -9999 -9999 -9999 -9999 -9999 -9999 -9999 -9999 -9999 -9999 -9999 -9999 -9999 -9999 -9999 -9999 -9999 -9999 -9999 -9999 -9999 -9999
8.31464E-2 7.25274E-2 1.36992E-1 1.48624E-1 1.69589E-1 2.21905E-1 2.33833E-1 2.2317E-1 2.27574E-1 2.53305E-1 2.26902E-1 2.02154E-1 1.66572E-1 1.69382E-1 1.62099E-1 1.54333E-1 2.08737E-1 2.5168E-1 2.37187E-1 1.51679E-1 1.4637E-1 1.20599E-1 1.03491E-1 7.34907E-2 6.33468E-2 7.34013E-2 1.53229E-1 1.58675E-1 1.63742E-1 1.7094E-1 1.49701E-1 1.58502E-1 5.16838E-2 4.49746E-2 3.26008E-2 6.06623E-2 7.21567E-2 1.45738E-1 1.40498E-1 1.25346E-1 -9999 -9999 -9999 -9999 -9999 -9999 -9999 -9999 -9999 -9999 -9999 -9999 -9999 -9999 -9999 -9999 -9999 -9999 -9999 -9999
7.14685E-2 7.25993E-2 8.34564E-2 1.11862E-1 1.43316E-1 1.81031E-1 2.05767E-1 1.82591E-1 2.03017E-1 1.75248E-1 2.08539E-1 1.34959E-1 1.96795E-1 1.39533E-1 1.39334E-1 1.25605E-1 2.01639E-1 1.44876E-1 1.89341E-1 1.84431E-1 1.08402E-1 8.8704E-2 8.69015E-2 7.51086E-2 6.51771E-2 5.64555E-2 1.05688E-1 1.43245E-1 1.46841E-1 1.32635E-1 1.34308E-1 5.83675E-2 5.59945E-2 3.23578E-2 4.23349E-2 2.26638E-2 2.14537E-2 2.41053E-2 5.39401E-2 9.81079E-2 8.23167E-2 1.50482E-1 1.64343E-1 -9999 -9999 -9999 -9999 -9999 -9999 -9999 -9999 -9999 -9999 -9999 -9999 -9999 -9999 -9999 -9999 -9999
5.11115E-2 5.68761E-2 6.87416E-2 1.15543E-1 1.25232E-1 7.31035E-2 9.82664E-2 1.30466E-1 1.32362E-1 1.21199E-1 1.26572E-1 1.12394E-1 1.06144E-1 8.64337E-2 8.43448E-2 1.03167E-1 1.86602E-1 1.77783E-1 1.00169E-1 1.09039E-1 1.52763E-1 1.41888E-1 1.30087E-1 5.75829E-2 4.70785E-2 4.96277E-2 6.28349E-2 1.12263E-1 8.82764E-2 1.13443E-1 4.03549E-2 4.04638E-2 3.92067E-2 3.91069E-2 3.47615E-2 3.47012E-2 3.22459E-2 3.03877E-2 3.22494E-2 2.56024E-2 2.87625E-2 4.99242E-2 1.11389E-1 1.72754E-1 1.37068E-1 -9999 -9999 -9999 -9999 3.78472E-1 8.8417E-2 1.4521E-1 7.8577E-2 -9999 -9999 -9999 -9999 -9999 -9999 -9999
3.4368E-2 3.51565E-2 3.50622E-2 3.12166E-2 6.58559E-2 7.02115E-2 7.70155E-2 7.75245E-2 1.07824E-1 1.08927E-1 9.01337E-2 8.86793E-2 8.72078E-2 8.85579E-2 5.66224E-2 6.45196E-2 1.10651E-1 8.17431E-2 7.36602E-2 6.58262E-2 5.76135E-2 5.5804E-2 4.99027E-2 6.39634E-2 2.73814E-2 4.06355E-2 3.99768E-2 7.24723E-2 8.93103E-2 3.00607E-2 3.40674E-2 3.4007E-2 3.51834E-2 2.79843E-2 2.77705E-2 2.87439E-2 3.08838E-2 2.98118E-2 3.49765E-2 3.51944E-2 2.93056E-2 2.79343E-2 2.50688E-2 4.40125E-2 7.99109E-2 8.95504E-2 1.49632E-1 1.02601E-1 1.61665E-1 3.20801E-1 2.096E-1 5.03204E-2 1.43871E-1 1.08982E-1 -9999 -9999 -9999 -9999 -9999 -9999
2.24811E-2 2.46111E-2 2.69816E-2 2.96378E-2 3.20025E-2 5.50586E-2 5.90866E-2 6.31566E-2 7.02296E-2 7.32152E-2 7.32436E-2 7.26271E-2 5.82663E-2 6.6431E-2 6.14267E-2 4.55256E-2 5.54537E-2 5.99189E-2 9.62369E-2 5.84996E-2 5.97682E-2 4.16033E-2 2.37173E-2 3.08171E-2 1.96728E-2 1.76349E-2 2.08425E-2 5.20836E-2 1.29983E-2 1.55048E-2 2.43336E-2 2.37015E-2 2.29132E-2 2.29476E-2 2.3404E-2 2.45485E-2 2.37664E-2 2.42354E-2 2.69314E-2 2.94295E-2 3.05275E-2 3.16883E-2 3.23493E-2 3.17986E-2 3.23591E-2 2.85742E-2 2.56797E-2 4.1902E-2 4.26676E-2 2.19181E-1 1.72028E-1 5.99686E-2 4.86497E-2 1.29134E-1 1.08221E-1 -9999 -9999 -9999 -9999 -9999
1.82067E-2 1.99158E-2 2.24319E-2 2.37984E-2 2.57714E-2 2.79968E-2 3.05602E-2 5.09612E-2 5.44591E-2 5.8772E-2 7.11124E-2 5.76918E-2 5.33247E-2 5.86798E-2 2.59979E-2 3.0344E-2 2.54617E-2 2.95681E-2 3.55341E-2 2.87602E-2 2.73345E-2 2.38548E-2 1.98246E-2 1.84647E-2 1.39628E-2 1.7606E-2 1.65402E-2 5.78409E-3 1.05973E-2 1.82594E-2 1.89521E-2 1.97052E-2 1.98969E-2 1.55128E-2 1.57043E-2 2.01585E-2 1.89668E-2 1.8895E-2 2.26398E-2 2.37708E-2 2.41031E-2 2.54117E-2 2.63356E-2 2.99946E-2 3.34925E-2 3.60506E-2 3.69027E-2 3.94443E-2 1.13385E-1 1.27009E-1 1.30895E-1 5.21214E-2 7.09554E-2 4.71706E-2 1.39646E-1 1.16885E-1 -9999 -9999 -9999 -9999
1.4916E-2 1.64047E-2 1.86096E-2 2.01181E-2 2.12643E-2 2.25602E-2 2.42E-2 2.54075E-2 2.65561E-2 2.7347E-2 2.87176E-2 2.7457E-2 2.64181E-2 2.62611E-2 2.49452E-2 1.75699E-2 2.06952E-2 2.62469E-2 3.01574E-2 3.02848E-2 2.57257E-2 2.47832E-2 2.37426E-2 1.52579E-2 1.40277E-2 1.70352E-2 4.27584E-3 4.58077E-3 4.91817E-3 8.63768E-3 9.33551E-3 1.58783E-2 1.6896E-2 1.30518E-2 1.3224E-2 1.38997E-2 1.44674E-2 1.71E-2 1.75692E-2 1.86534E-2 1.93204E-2 2.00648E-2 2.13723E-2 2.45468E-2 2.62092E-2 2.72929E-2 2.80822E-2 3.38484E-2 7.0098E-2 9.57881E-2 7.27055E-2 2.683E-2 2.12204E-2 3.89927E-2 6.12871E-2 1.27176E-1 1.00166E-1 3.91275E-2 -9999 -9999
1.81941E-2 1.32772E-2 1.61163E-2 1.61932E-2 1.75689E-2 1.88273E-2 1.97796E-2 2.03962E-2 2.11853E-2 2.16399E-2 2.2003E-2 2.17449E-2 2.22712E-2 2.00131E-2 1.87619E-2 2.0845E-2 1.93217E-2 2.48052E-2 4.37106E-2 4.27083E-2 4.00261E-2 3.50498E-2 3.08903E-2 2.84012E-2 2.35454E-2 4.45926E-3 3.93462E-3 4.20726E-3 3.80559E-3 4.1016E-3 7.07254E-3 7.63447E-3 8.51687E-3 1.0731E-2 1.07669E-2 1.08264E-2 1.19357E-2 1.12731E-2 1.15336E-2 1.16053E-2 1.47659E-2 1.59443E-2 1.81156E-2 1.90383E-2 1.92148E-2 1.54384E-2 2.50522E-2 1.61897E-2 4.70105E-2 5.60598E-2 4.2471E-2 1.45559E-2 1.81289E-2 2.19725E-2 2.48771E-2 4.1484E-2 4.07626E-2 1.42592E-1 9.48898E-2 1.41256E-1
1.49602E-2 1.05095E-2 1.44156E-2 1.39064E-2 1.38444E-2 1.5317E-2 1.60322E-2 1.66066E-2 1.71954E-2 1.77353E-2 1.72412E-2 1.70261E-2 1.6866E-2 1.74174E-2 1.93796E-2 2.20759E-2 3.807E-2 4.02957E-2 5.37422E-2 8.05826E-2 3.7713E-2 4.25017E-2 3.7434E-2 2.833E-2 1.57274E-2 9.30993E-3 7.37965E-3 4.23751E-3 3.7981E-3 3.32511E-3 5.30288E-3 5.64312E-3 6.04783E-3 5.62385E-3 5.58672E-3 9.60501E-3 8.72425E-3 8.73932E-3 9.13686E-3 9.19972E-3 9.25541E-3 1.07853E-2 1.39902E-2 1.39935E-2 1.13154E-2 1.52637E-2 1.22594E-2 1.11354E-2 3.09133E-2 3.35156E-2 2.88753E-2 1.18452E-2 1.0793E-2 1.35023E-2 1.59801E-2 2.31299E-2 2.06099E-2 4.65324E-2 5.6783E-2 4.83546E-2
8.00727E-3 8.78492E-3 9.72862E-3 1.04078E-2 1.12557E-2 1.20876E-2 1.46147E-2 1.38157E-2 1.38667E-2 1.40001E-2 1.39106E-2 1.38057E-2 1.57429E-2 1.78245E-2 2.18716E-2 3.86601E-2 4.09411E-2 4.45836E-2 4.41719E-2 5.40944E-2 5.29419E-2 4.82498E-2 5.07735E-2 1.17672E-2 1.07525E-2 8.995E-3 8.93414E-3 7.54511E-3 3.87077E-3 3.25811E-3 4.50373E-3 4.24321E-3 4.69732E-3 5.39499E-3 4.13499E-3 4.08564E-3 4.18341E-3 4.58597E-3 6.89873E-3 7.45105E-3 7.65347E-3 8.57682E-3 7.81067E-3 7.33502E-3 9.0629E-3 6.86237E-3 6.31068E-3 5.80963E-3 1.73657E-2 1.72951E-2 6.51311E-3 8.1326E-3 9.00472E-3 1.0955E-2 1.31179E-2 1.4994E-2 1.79432E-2 2.82736E-2 2.05073E-2 3.46277E-2
9.77923E-3 9.34378E-3 7.89397E-3 8.74432E-3 9.2344E-3 9.79499E-3 1.04786E-2 1.07973E-2 1.23238E-2 1.19063E-2 1.22345E-2 1.41381E-2 1.58963E-2 1.81381E-2 2.16774E-2 3.87268E-2 5.03401E-2 3.49421E-2 5.24207E-2 6.20047E-2 6.34749E-2 5.91035E-2 5.47417E-2 1.77264E-2 1.53592E-2 9.39547E-3 8.09082E-3 7.77288E-3 4.20601E-3 5.47567E-3 4.6014E-3 3.73018E-3 3.4933E-3 3.72455E-3 3.92227E-3 3.94319E-3 3.41168E-3 3.40648E-3 3.47819E-3 4.58096E-3 5.57247E-3 7.48817E-3 7.87787E-3 8.14617E-3 5.92059E-3 4.79046E-3 4.7165E-3 5.03092E-3 4.44686E-3 4.45617E-3 4.677E-3 5.538E-3 8.73828E-3 7.41861E-3 8.80768E-3 1.19462E-2 1.49767E-2 1.58885E-2 1.93885E-2 1.92941E-2
