testfiles/speciesdistributions/Carcharodon_carcharias.asc
ncols         720
nrows         360
xllcorner     -180.00
yllcorner     -90.00
cellsize      0.5
NODATA_value  -9999
[rows 130 to 155 of 360, columns 600 to 659 of 720]
5.73617E-1 6.96541E-1 -9999 6.69729E-1 3.77934E-1 3.88258E-1 4.19336E-1 4.1272E-1 5.1354E-1 6.77566E-1 7.32386E-1 5.4292E-1 4.64432E-1 3.95809E-1 3.44404E-1 2.74897E-1 2.37963E-1 2.20682E-1 2.07798E-1 2.64463E-1 2.71346E-1 3.89432E-1 6.26508E-1 4.07803E-1 3.12578E-1 2.42196E-1 2.5088E-1 2.46553E-1 1.96834E-1 1.44677E-1 1.32807E-1 6.7698E-2 8.4775E-2 9.13048E-2 1.24928E-1 1.31374E-1 1.17985E-1 1.74059E-1 1.82662E-1 2.55545E-1 3.29606E-1 4.3391E-1 6.75966E-1 4.46705E-1 3.88351E-1 2.75902E-1 2.41385E-1 1.97041E-1 1.3136E-1 9.3057E-2 1.02914E-1 8.8464E-2 4.9277E-2 4.60131E-2 5.61429E-2 4.19498E-2 5.71676E-2 5.24389E-2 4.99306E-2 6.06546E-2
6.8534E-1 6.09133E-1 -9999 4.54591E-1 3.14562E-1 3.99459E-1 6.55295E-1 7.26236E-1 5.53881E-1 4.27266E-1 4.14392E-1 4.10865E-1 3.60722E-1 3.11987E-1 2.26524E-1 1.98826E-1 1.86505E-1 1.96845E-1 2.07064E-1 2.46843E-1 2.70306E-1 3.25262E-1 4.30333E-1 4.35684E-1 3.64098E-1 3.1819E-1 2.45758E-1 2.03539E-1 1.48808E-1 1.35108E-1 1.05029E-1 5.9103E-2 6.08446E-2 6.02642E-2 8.5998E-2 8.56168E-2 9.4494E-2 1.43514E-1 1.52812E-1 1.80778E-1 2.33417E-1 3.38271E-1 4.16696E-1 4.3355E-1 3.31237E-1 2.47389E-1 2.14576E-1 1.30782E-1 1.38372E-1 8.0405E-2 9.66977E-2 8.35854E-2 7.7233E-2 7.27198E-2 4.47635E-2 4.20837E-2 4.07409E-2 4.89035E-2 4.62765E-2 7.41341E-2
6.56122E-1 -9999 -9999 3.75172E-1 2.82485E-1 2.71151E-1 3.07777E-1 3.19152E-1 3.9804E-1 3.58071E-1 2.94414E-1 3.98818E-1 3.23844E-1 1.70434E-1 1.73451E-1 1.54834E-1 1.49478E-1 1.58189E-1 1.69101E-1 2.06365E-1 2.3393E-1 2.78838E-1 2.64714E-1 2.31131E-1 2.29381E-1 2.33359E-1 2.41564E-1 1.84141E-1 1.29013E-1 1.19108E-1 8.61198E-2 9.27677E-2 1.15439E-1 1.53236E-1 8.70666E-2 7.95577E-2 9.15721E-2 1.09129E-1 1.39585E-1 1.5354E-1 1.95424E-1 2.55078E-1 3.4755E-1 3.71038E-1 2.8513E-1 2.08202E-1 1.60348E-1 1.1602E-1 9.557E-2 1.14988E-1 8.92639E-2 8.33096E-2 7.84532E-2 7.43618E-2 7.1097E-2 4.31911E-2 4.19969E-2 6.57937E-2 4.26602E-2 4.93138E-2
5.75054E-1 -9999 4.55365E-1 2.93996E-1 2.23245E-1 1.88497E-1 2.27996E-1 2.77586E-1 2.9653E-1 2.33957E-1 1.94259E-1 1.91278E-1 1.88849E-1 1.6725E-1 1.63958E-1 1.0058E-1 1.04985E-1 1.12209E-1 1.51287E-1 1.48016E-1 1.91108E-1 2.11771E-1 1.83674E-1 1.8163E-1 1.62786E-1 1.94117E-1 1.76666E-1 1.40025E-1 1.33708E-1 1.31327E-1 8.55424E-2 1.09468E-1 9.89359E-2 1.1384E-1 1.14107E-1 8.40218E-2 8.10042E-2 9.5494E-2 1.32466E-1 1.25095E-1 1.58082E-1 1.93204E-1 3.12001E-1 3.32597E-1 2.86743E-1 2.1346E-1 1.4802E-1 1.19221E-1 1.65007E-1 1.25031E-1 1.29543E-1 1.20628E-1 7.98295E-2 9.52262E-2 7.34891E-2 6.90753E-2 6.59279E-2 6.41989E-2 3.976E-2 3.99647E-2
4.90071E-1 4.15682E-1 4.47271E-1 2.71765E-1 1.67418E-1 1.94351E-1 2.57804E-1 1.94015E-1 2.10875E-1 1.91087E-1 1.89877E-1 1.60449E-1 1.6342E-1 1.20713E-1 1.18496E-1 9.797E-2 8.67918E-2 1.11368E-1 1.19669E-1 1.41845E-1 1.59371E-1 1.33266E-1 1.36888E-1 1.33034E-1 1.28589E-1 1.21996E-1 9.61408E-2 1.42913E-1 1.21998E-1 1.58652E-1 1.46244E-1 1.29201E-1 1.22321E-1 1.23356E-1 1.4229E-1 8.64208E-2 8.05824E-2 7.87171E-2 9.30295E-2 9.15289E-2 1.24892E-1 1.54001E-1 1.87803E-1 2.50493E-1 1.85941E-1 2.09342E-1 2.04083E-1 1.72403E-1 2.20106E-1 1.90421E-1 1.50924E-1 1.15434E-1 1.14266E-1 9.55595E-2 7.4954E-2 7.1443E-2 8.97284E-2 5.97611E-2 3.60427E-2 3.6848E-2
3.85351E-1 4.63645E-1 3.0484E-1 3.83866E-1 1.69982E-1 2.17541E-1 1.99114E-1 1.27456E-1 1.56619E-1 1.38751E-1 1.53844E-1 1.38253E-1 1.29115E-1 9.4411E-2 8.95329E-2 8.70156E-2 7.70888E-2 9.109E-2 9.93272E-2 1.17807E-1 1.13573E-1 1.10216E-1 1.09194E-1 1.08592E-1 1.07921E-1 8.69926E-2 8.69772E-2 8.523E-2 1.02079E-1 1.23355E-1 1.41232E-1 1.19007E-1 1.10969E-1 1.71116E-1 1.36404E-1 1.11313E-1 7.94802E-2 8.01911E-2 8.44691E-2 8.00416E-2 1.00394E-1 1.10556E-1 9.57828E-2 1.91655E-1 1.91567E-1 2.05146E-1 2.6626E-1 2.41641E-1 2.11242E-1 1.73635E-1 1.83384E-1 1.27521E-1 1.2539E-1 1.15919E-1 8.09692E-2 7.63125E-2 8.73966E-2 6.53183E-2 3.70319E-2 3.82499E-2
3.0256E-1 4.45706E-1 3.32655E-1 3.58879E-1 1.95461E-1 2.06081E-1 2.21386E-1 1.29323E-1 1.34128E-1 1.28288E-1 1.50263E-1 1.0117E-1 8.86471E-2 8.63932E-2 8.42621E-2 7.42044E-2 4.77434E-2 7.83948E-2 9.00996E-2 8.06671E-2 8.31785E-2 8.88579E-2 8.39684E-2 8.02556E-2 8.39302E-2 8.46764E-2 7.82912E-2 8.59975E-2 1.22153E-1 1.24749E-1 1.50896E-1 1.69113E-1 1.56392E-1 2.11169E-1 1.43737E-1 1.22373E-1 1.0994E-1 7.96082E-2 7.47795E-2 7.74483E-2 7.0784E-2 7.49757E-2 8.48954E-2 1.43563E-1 2.14512E-1 1.61531E-1 2.22644E-1 2.93472E-1 2.89085E-1 2.42167E-1 1.86099E-1 2.15734E-1 1.4937E-1 1.20138E-1 1.90992E-1 1.0222E-1 1.06231E-1 7.6909E-2 3.87577E-2 3.52994E-2
2.38958E-1 3.3644E-1 2.87891E-1 3.85328E-1 2.656E-1 2.0117E-1 1.72211E-1 1.39153E-1 1.36094E-1 9.3666E-2 9.94601E-2 9.75116E-2 8.01895E-2 7.71478E-2 7.80888E-2 4.1759E-2 4.40761E-2 4.6909E-2 7.35943E-2 7.07329E-2 6.85708E-2 7.07171E-2 6.74492E-2 8.16417E-2 8.69784E-2 7.39955E-2 7.86631E-2 1.02014E-1 1.12591E-1 1.20152E-1 1.35755E-1 1.50556E-1 1.94168E-1 1.97339E-1 1.34157E-1 1.17202E-1 1.08005E-1 9.82123E-2 7.33109E-2 7.13472E-2 5.99678E-2 6.39571E-2 7.45396E-2 1.031E-1 1.92106E-1 1.80067E-1 1.90444E-1 2.493E-1 2.75182E-1 3.40244E-1 2.95078E-1 1.96977E-1 1.68153E-1 1.5958E-1 1.47704E-1 7.22146E-2 8.39144E-2 5.46283E-2 4.47861E-2 3.56271E-2
1.9683E-1 2.56409E-1 3.9093E-1 5.55201E-1 3.44058E-1 1.89618E-1 1.64456E-1 1.42525E-1 1.22131E-1 8.67691E-2 7.99022E-2 8.87242E-2 7.16355E-2 4.24218E-2 4.33505E-2 4.53429E-2 3.41059E-2 4.09879E-2 4.10872E-2 3.67825E-2 3.76812E-2 3.75819E-2 3.81338E-2 4.49255E-2 6.11148E-2 6.79528E-2 7.02948E-2 9.99254E-2 1.07531E-1 1.24448E-1 1.35808E-1 1.97168E-1 2.02986E-1 1.71514E-1 1.38741E-1 1.228E-1 1.07756E-1 1.02218E-1 7.04055E-2 8.99541E-2 6.19404E-2 6.00326E-2 6.78036E-2 7.79652E-2 1.8552E-1 2.32507E-1 1.81405E-1 1.96861E-1 2.76271E-1 4.51791E-1 3.25029E-1 2.73706E-1 2.01705E-1 1.90476E-1 1.76385E-1 1.5629E-1 1.44899E-1 4.94354E-2 4.61068E-2 3.74949E-2
1.49622E-1 2.30441E-1 2.83209E-1 4.65204E-1 3.48598E-1 1.95134E-1 1.54407E-1 1.27581E-1 1.13621E-1 8.28224E-2 7.8515E-2 8.90279E-2 5.01268E-2 4.62078E-2 3.32895E-2 3.24083E-2 2.9501E-2 3.10207E-2 3.47541E-2 4.1658E-2 3.24518E-2 3.26542E-2 3.19117E-2 4.23526E-2 8.03919E-2 7.18368E-2 6.93598E-2 1.00658E-1 1.05814E-1 1.22207E-1 1.42135E-1 2.21439E-1 3.46936E-1 1.7595E-1 1.42887E-1 1.3186E-1 1.09777E-1 1.023E-1 7.15484E-2 7.00902E-2 5.8912E-2 5.65749E-2 6.71812E-2 6.11005E-2 1.3743E-1 2.1515E-1 1.71902E-1 1.49975E-1 1.69234E-1 2.15613E-1 3.10758E-1 2.20294E-1 1.9306E-1 1.89716E-1 1.21499E-1 1.15048E-1 8.93059E-2 8.01982E-2 7.8437E-2 6.83081E-2
1.47224E-1 2.4951E-1 2.70536E-1 3.89767E-1 3.25247E-1 1.99788E-1 1.18075E-1 1.31848E-1 1.13739E-1 1.01828E-1 9.52171E-2 7.72017E-2 7.05807E-2 3.93651E-2 3.67442E-2 3.26121E-2 2.87746E-2 3.03312E-2 3.74843E-2 3.77916E-2 2.86422E-2 2.85519E-2 3.00315E-2 3.16043E-2 5.58526E-2 6.24202E-2 6.62922E-2 9.31179E-2 1.0257E-1 1.17865E-1 1.31017E-1 2.03284E-1 2.33082E-1 1.40697E-1 1.09031E-1 1.03627E-1 8.69456E-2 8.73621E-2 7.3961E-2 7.22271E-2 4.67499E-2 4.31784E-2 4.89737E-2 5.74767E-2 1.03087E-1 1.9864E-1 1.50218E-1 1.26898E-1 1.47009E-1 1.69509E-1 3.71688E-1 2.84124E-1 1.77122E-1 1.50759E-1 1.1938E-1 1.26343E-1 9.24065E-2 1.16273E-1 9.58737E-2 5.44724E-2
1.83858E-1 2.34671E-1 4.30929E-1 4.23826E-1 1.08959E-1 1.96882E-1 1.24296E-1 1.37641E-1 1.14184E-1 1.02907E-1 1.01439E-1 7.70123E-2 6.8342E-2 4.03365E-2 3.7797E-2 3.20522E-2 2.74462E-2 2.55705E-2 2.60068E-2 2.70738E-2 2.62469E-2 2.66697E-2 2.85875E-2 3.0537E-2 5.22543E-2 5.88345E-2 6.53666E-2 6.90353E-2 7.73033E-2 8.60846E-2 1.06098E-1 1.27492E-1 1.26082E-1 1.2364E-1 9.82674E-2 8.53222E-2 8.04559E-2 2.39574E-2 1.90746E-2 1.96884E-2 1.51332E-2 8.4869E-3 1.5618E-2 1.79231E-2 2.67934E-2 6.368E-2 6.80267E-2 3.99317E-2 5.4209E-2 5.79673E-2 8.51689E-2 1.07599E-1 7.13853E-2 5.27656E-2 5.00255E-2 4.74111E-2 3.4453E-2 1.82854E-2 2.45862E-2 1.8536E-2
8.32621E-2 3.47947E-1 4.52708E-1 4.29458E-1 3.51188E-1 8.09505E-2 1.09139E-1 1.28273E-1 1.29122E-1 1.08166E-1 8.36094E-2 1.02112E-1 5.69303E-2 5.2674E-2 3.06606E-2 3.34403E-2 2.37286E-2 2.52028E-2 1.76182E-2 2.34927E-2 1.84509E-2 1.93747E-2 2.60014E-2 2.83495E-2 3.06062E-2 4.41992E-2 6.02298E-2 5.15298E-2 8.42634E-2 2.78884E-2 3.78403E-2 1.18705E-1 9.02829E-2 3.27443E-2 2.98289E-2 2.75302E-2 2.3883E-2 1.78562E-2 1.88838E-2 1.65068E-2 8.28635E-3 7.96068E-3 1.40441E-2 1.60546E-2 2.56556E-2 5.11878E-2 6.12824E-2 3.81894E-2 4.55414E-2 4.8904E-2 6.05573E-2 1.61221E-1 6.5692E-2 5.67326E-2 6.53619E-2 4.84852E-2 3.64259E-2 2.58501E-2 2.1955E-2 1.68682E-2
1.10354E-1 1.28121E-1 -9999 2.97916E-1 2.82529E-1 8.21098E-2 5.44174E-2 9.54208E-2 1.02183E-1 7.7123E-2 6.87148E-2 5.09395E-2 6.57452E-2 4.9684E-2 2.47265E-2 2.72892E-2 3.09913E-2 2.5343E-2 1.85293E-2 1.99816E-2 5.76598E-3 1.81834E-2 2.00206E-2 2.16898E-2 2.96906E-2 1.40312E-2 1.49575E-2 1.64232E-2 2.29169E-2 3.38709E-2 3.62933E-2 3.47722E-2 2.83382E-2 2.8837E-2 2.46227E-2 2.24144E-2 1.9127E-2 1.73037E-2 2.05517E-2 1.50735E-2 8.11811E-3 7.21448E-3 8.04715E-3 1.49099E-2 1.83427E-2 3.76855E-2 6.15297E-2 4.26749E-2 4.60493E-2 5.48573E-2 6.61353E-2 1.58845E-1 7.14625E-2 5.2185E-2 6.56726E-2 4.54319E-2 3.3918E-2 1.92703E-2 2.2121E-2 1.75881E-2
1.14909E-1 -9999 -9999 -9999 1.46416E-1 6.12697E-2 9.23641E-2 3.86503E-2 3.97135E-2 1.04708E-1 1.02881E-1 7.45926E-2 6.55018E-2 5.08271E-2 9.78911E-3 7.40442E-3 1.12264E-2 1.06331E-2 6.88089E-3 5.69945E-3 5.67347E-3 6.02794E-3 6.52979E-3 8.74871E-3 9.27141E-3 1.01823E-2 1.73929E-2 2.66516E-2 1.75783E-2 2.49576E-2 3.21499E-2 2.37479E-2 2.72588E-2 2.21391E-2 2.10813E-2 1.63795E-2 1.70811E-2 1.60363E-2 1.89156E-2 1.06404E-2 7.47334E-3 6.771E-3 7.43841E-3 1.38538E-2 1.71811E-2 4.31139E-2 6.16605E-2 3.38673E-2 4.42496E-2 5.50061E-2 6.21791E-2 1.50865E-1 6.96518E-2 5.57337E-2 4.13855E-2 4.06602E-2 2.56719E-2 2.65247E-2 1.74471E-2 1.3572E-2
1.16538E-1 -9999 -9999 -9999 1.28009E-1 1.083E-1 5.0863E-2 5.07762E-2 5.46334E-2 7.74123E-2 4.93232E-2 2.77246E-2 1.7625E-2 1.39129E-2 8.11505E-3 9.02029E-3 8.57912E-3 8.66953E-3 9.87327E-3 9.07945E-3 5.78108E-3 5.88107E-3 6.06821E-3 8.18093E-3 8.66881E-3 7.41764E-3 7.97517E-3 2.1056E-2 1.76052E-2 2.26924E-2 1.93054E-2 1.66328E-2 1.50833E-2 1.62323E-2 1.58625E-2 1.60683E-2 1.5222E-2 1.46091E-2 1.0623E-2 9.32003E-3 6.83452E-3 6.58769E-3 7.17618E-3 1.34873E-2 1.67264E-2 3.28611E-2 6.09158E-2 4.20046E-2 4.1161E-2 4.96919E-2 6.36922E-2 1.10415E-1 9.69081E-2 5.07605E-2 4.07819E-2 4.03008E-2 2.68373E-2 2.45947E-2 2.04321E-2 2.32157E-2
2.20017E-1 -9999 -9999 -9999 1.20216E-1 7.2168E-2 3.84413E-2 4.99535E-2 6.56307E-2 8.48387E-2 4.45233E-2 2.69777E-2 1.95687E-2 1.9168E-2 1.6427E-2 9.42378E-3 8.97644E-3 8.37302E-3 7.27027E-3 8.77281E-3 8.21078E-3 7.5788E-3 7.67153E-3 7.44449E-3 7.95095E-3 8.40737E-3 9.50537E-3 8.43949E-3 9.57508E-3 2.24435E-2 2.10348E-2 2.1905E-2 1.34782E-2 1.37885E-2 1.34969E-2 1.73565E-2 8.64341E-3 9.0459E-3 1.07493E-2 1.02582E-2 6.57414E-3 6.54592E-3 7.27081E-3 1.36682E-2 1.69116E-2 3.80159E-2 6.24875E-2 4.15335E-2 4.00466E-2 5.03561E-2 6.38449E-2 1.20589E-1 1.0716E-1 4.98947E-2 4.67078E-2 3.21059E-2 2.42082E-2 2.9425E-2 2.34237E-2 2.40765E-2
1.08848E-1 -9999 -9999 1.19949E-1 1.29399E-1 3.59184E-2 3.3994E-2 4.10836E-2 5.42758E-2 5.3805E-2 4.64421E-2 3.82677E-2 2.22724E-2 1.66613E-2 1.8687E-2 1.7439E-2 8.70375E-3 7.85547E-3 7.07676E-3 5.95532E-3 9.24386E-3 7.83631E-3 8.10459E-3 6.14563E-3 6.42555E-3 8.05153E-3 9.15724E-3 8.2261E-3 8.47337E-3 1.28258E-2 1.02356E-2 7.58585E-3 7.50867E-3 8.05201E-3 7.78407E-3 7.63255E-3 8.13163E-3 5.96045E-3 6.29462E-3 6.78079E-3 5.94587E-3 5.36187E-3 6.05405E-3 1.10846E-2 1.39507E-2 2.95423E-2 4.95358E-2 3.36648E-2 3.45452E-2 4.12079E-2 5.96992E-2 1.61204E-1 1.16626E-1 4.52702E-2 4.5393E-2 3.76241E-2 4.35458E-2 2.38695E-2 2.21264E-2 1.75131E-2
-9999 -9999 -9999 1.43853E-1 6.9652E-2 3.03165E-2 3.34452E-2 4.18084E-2 7.85719E-2 5.24272E-2 3.95564E-2 3.58668E-2 2.70896E-2 1.66519E-2 1.63249E-2 1.35981E-2 9.78099E-3 9.99334E-3 7.22922E-3 6.88684E-3 8.48955E-3 6.32265E-3 7.20427E-3 8.02094E-3 6.81918E-3 6.51228E-3 8.33821E-3 6.70002E-3 8.04723E-3 9.34061E-3 5.80469E-3 5.42844E-3 5.53985E-3 5.18647E-3 5.63254E-3 5.20677E-3 5.61451E-3 5.55867E-3 5.44284E-3 5.09682E-3 5.30729E-3 5.47515E-3 1.01901E-2 1.14818E-2 1.54901E-2 2.56859E-2 3.98916E-2 3.08878E-2 3.34412E-2 4.04488E-2 5.97122E-2 1.13334E-1 7.32633E-2 2.93449E-2 2.86656E-2 2.92901E-2 3.44576E-2 2.48636E-2 1.84327E-2 1.56991E-2
1.71746E-1 -9999 1.55842E-1 1.43432E-1 1.29851E-1 8.67741E-2 6.96963E-2 5.84381E-2 3.63264E-2 3.55296E-2 3.53929E-2 2.58991E-2 2.89307E-2 2.40607E-2 1.84321E-2 1.60372E-2 1.46344E-2 8.2707E-3 6.30381E-3 7.09459E-3 6.62352E-3 6.00932E-3 4.94131E-3 6.2847E-3 6.41732E-3 6.37615E-3 4.32597E-3 5.64078E-3 6.2128E-3 7.45571E-3 5.14835E-3 4.97989E-3 5.54198E-3 6.08775E-3 4.74897E-3 4.84752E-3 4.8646E-3 5.06695E-3 5.81426E-3 5.83386E-3 5.36392E-3 5.8144E-3 1.057E-2 1.21208E-2 1.45944E-2 2.93287E-2 4.47863E-2 2.98573E-2 3.49495E-2 4.00381E-2 8.35286E-2 2.2208E-1 6.08491E-2 2.63874E-2 3.55543E-2 2.98279E-2 2.83887E-2 1.9061E-2 1.28256E-2 1.24687E-2
2.09874E-1 8.16616E-2 7.87979E-2 1.87131E-1 1.11198E-1 1.44442E-1 1.62472E-1 1.24906E-1 7.02625E-2 4.77999E-2 3.06597E-2 2.43589E-2 2.64997E-2 2.10199E-2 1.57963E-2 1.34428E-2 1.21032E-2 1.07052E-2 6.34419E-3 5.84517E-3 5.17737E-3 4.50226E-3 4.48773E-3 4.02532E-3 4.1783E-3 6.01148E-3 4.37251E-3 5.21782E-3 7.05141E-3 7.10037E-3 4.33328E-3 4.30466E-3 5.81258E-3 4.84891E-3 5.2428E-3 4.74366E-3 5.0495E-3 5.7124E-3 6.60926E-3 7.50189E-3 5.47324E-3 5.91804E-3 1.06995E-2 1.24195E-2 2.1992E-2 3.71029E-2 4.33305E-2 3.44166E-2 3.69461E-2 5.79048E-2 9.22396E-2 1.17993E-1 3.5159E-2 3.0351E-2 2.17888E-2 3.80655E-2 2.78165E-2 2.16757E-2 1.90079E-2 1.20567E-2
1.42964E-1 2.23353E-1 -9999 1.94707E-1 1.11789E-1 1.73717E-1 1.90698E-1 1.93925E-1 1.75348E-1 5.73411E-2 3.4971E-2 2.65671E-2 2.64777E-2 1.85142E-2 1.88965E-2 1.44117E-2 1.37419E-2 1.16694E-2 6.33003E-3 5.70303E-3 5.21252E-3 5.70301E-3 5.49156E-3 3.66166E-3 3.39906E-3 3.64119E-3 4.19961E-3 3.79056E-3 6.29127E-3 5.60964E-3 4.42712E-3 4.71664E-3 5.11119E-3 5.55608E-3 6.73005E-3 5.68587E-3 7.43274E-3 6.046E-3 8.55147E-3 6.16477E-3 5.28744E-3 9.38889E-3 1.08547E-2 1.29328E-2 2.59223E-2 5.42437E-2 4.1098E-2 3.82155E-2 3.97531E-2 8.01444E-2 1.36622E-1 5.13166E-2 2.75104E-2 2.86967E-2 1.44268E-2 3.58562E-2 2.07106E-2 2.11673E-2 1.7419E-2 5.87321E-3
1.14776E-1 3.86037E-1 2.17126E-1 1.68947E-1 2.15515E-1 2.0529E-1 7.96698E-2 1.09989E-1 2.277E-1 8.49809E-2 3.65844E-2 3.05698E-2 2.52E-2 2.81983E-2 2.18215E-2 1.56968E-2 1.6942E-2 1.09345E-2 6.13005E-3 5.87082E-3 4.95201E-3 5.61591E-3 4.21642E-3 4.8609E-3 4.58088E-3 3.94508E-3 4.53913E-3 4.73211E-3 6.5369E-3 7.14748E-3 5.28293E-3 5.66551E-3 5.06564E-3 9.21799E-3 9.18531E-3 6.15273E-3 1.05534E-2 1.17987E-2 8.0108E-3 7.3825E-3 5.35913E-3 1.00903E-2 1.13826E-2 1.87435E-2 3.17995E-2 4.13644E-2 3.67984E-2 4.49721E-2 5.93356E-2 1.35185E-1 8.69753E-2 3.97344E-2 4.27646E-2 1.66644E-2 2.35859E-2 2.13048E-2 1.68325E-2 1.84711E-2 9.24466E-3 5.5068E-3
9.14161E-2 1.29934E-1 9.85398E-2 1.72172E-1 1.58767E-1 2.44265E-1 1.10112E-1 1.79062E-1 1.54936E-1 8.2914E-2 4.39482E-2 2.72613E-2 2.41648E-2 1.98755E-2 1.86978E-2 1.52655E-2 1.26069E-2 1.07014E-2 9.34447E-3 5.18605E-3 4.6542E-3 4.28274E-3 4.09602E-3 4.58165E-3 3.66754E-3 4.13482E-3 4.50018E-3 6.21152E-3 7.02046E-3 9.28607E-3 5.78643E-3 5.83469E-3 6.12882E-3 1.09642E-2 1.0847E-2 1.09794E-2 1.23687E-2 1.37187E-2 1.80582E-2 1.085E-2 6.56642E-3 1.41821E-2 1.4445E-2 2.02772E-2 4.55522E-2 3.97767E-2 3.59621E-2 4.58415E-2 7.1384E-2 1.34386E-1 7.27759E-2 3.48138E-2 1.72398E-2 1.65406E-2 2.5888E-2 2.17062E-2 1.46193E-2 1.09719E-2 8.76748E-3 9.46962E-3
8.83968E-2 1.21395E-1 7.55368E-2 1.70899E-1 1.65447E-1 1.50765E-1 1.66497E-1 4.23791E-1 4.61558E-1 1.52415E-1 9.97868E-2 3.86344E-2 2.75977E-2 1.96542E-2 1.69698E-2 1.79704E-2 1.30603E-2 1.13525E-2 1.03922E-2 5.67437E-3 4.90931E-3 5.54523E-3 5.37091E-3 3.87538E-3 3.94504E-3 4.27296E-3 4.53642E-3 5.34303E-3 7.86724E-3 9.54991E-3 7.26191E-3 1.03718E-2 1.02523E-2 1.04854E-2 1.24581E-2 1.19061E-2 1.18186E-2 1.5121E-2 1.55785E-2 1.66615E-2 1.67439E-2 1.61458E-2 2.65685E-2 2.91312E-2 3.57851E-2 3.34912E-2 3.73491E-2 4.33524E-2 7.20671E-2 5.34578E-2 3.26703E-2 1.82135E-2 1.55927E-2 2.43777E-2 2.12408E-2 2.01473E-2 1.54323E-2 9.76653E-3 5.12736E-3 1.00203E-2
1.98749E-1 1.15347E-1 2.12151E-1 1.33934E-1 1.54434E-1 1.65664E-1 1.18104E-1 2.66355E-1 4.57414E-1 1.30538E-1 1.32283E-1 7.06621E-2 2.35289E-2 2.26954E-2 1.63944E-2 1.60257E-2 1.38956E-2 9.61613E-3 8.71345E-3 5.12356E-3 4.4521E-3 4.97493E-3 3.58062E-3 5.33945E-3 5.44341E-3 4.68192E-3 4.92334E-3 5.60752E-3 7.10279E-3 9.8398E-3 1.1732E-2 1.0137E-2 1.02659E-2 1.11972E-2 1.20551E-2 1.64238E-2 1.90742E-2 1.90413E-2 1.80307E-2 1.82635E-2 1.88504E-2 2.00877E-2 1.94075E-2 2.85859E-2 3.7626E-2 2.61877E-2 3.40358E-2 3.64517E-2 3.7878E-2 2.60916E-2 1.63502E-2 2.24658E-2 3.40758E-2 3.03318E-2 2.46701E-2 1.81972E-2 1.72318E-2 1.04134E-2 9.0327E-3 1.33446E-2
